   -0.37680814
    0.35867346
   -0.38154828
    0.36562856
   -0.03960935
    0.07705719
    0.07494842
   -0.16136368
    0.20430767
    0.26793576
   -0.45705628
    0.03317050
    0.03243838
   -0.35224356
    0.14488597
    0.15162985
   -0.05978082
    0.04240590
    0.05665928
   -0.03309572
   -0.00653211
    0.03271107
   -0.10479335
    0.15902771
    0.04268978
   -0.05351904
    0.02502995
   -0.03646648
    0.03116930
   -0.04254626
    0.03012114
   -0.03843539
    0.03579525
   -0.02248667
