           1           2   1.2038951427859834     
           1           3  0.18286232127988158     
           2           3   1.7686663439281736     
           1           4  0.76303419197939326     
           2           5  0.92727496960577227     
           5           6  0.94565553237037758     
           5           7  0.97440108538002568     
           5           8  0.98992292976060259     
           8           9  0.91616120504700793     
           8          10   1.3106159525809811     
           8          11  0.19269206548765941     
          10          11   1.6031351377570064     
          10          12  0.95312714966667833     
          12          13  0.95447704618035267     
          12          14   1.0148866380752370     
          14          15  0.96506813103156142     
          14          16  0.95936784768656524     
          12          17  0.95336957665077049     
          17          18  0.96845182597508284     
          17          19  0.96983742099233505     
          17          20   1.0194985605991147     
          20          21   1.5817134133677992     
          21          22  0.96947401165864600     
          21          23   1.1964747521274426     
          23          24  0.94698873280261076     
          23          25   1.1745550785516619     
          25          26   1.3376921047940038     
          26          27  0.96849064138619301     
          26          28   1.4941922254654967     
          28          29  0.97187449157348760     
          28          30   1.3709273861077027     
          30          31  0.97157114417004076     
          26          32  0.11380475269468508     
          30          32   1.5029286550394778     
          32          33  0.96752009521282334     
          20          34   1.2020488836275944     
          25          34   1.2501992885547388     
          32          34   1.3291558652960380     
