   -0.38125485
    0.35628149
   -0.37152337
    0.35192615
   -0.04281134
    0.07841788
    0.10978532
   -0.17521590
    0.19943588
    0.27022762
   -0.41657880
   -0.02630932
    0.06516154
    0.07914210
   -0.15756145
    0.20689728
    0.26448357
   -0.47632354
    0.02710401
   -0.35397020
    0.15313218
    0.14664061
    0.05990057
   -0.06294089
    0.03738691
    0.03741369
    0.01265249
   -0.03898671
    0.02234595
   -0.02425567
    0.03542838
   -0.02578262
    0.03640602
   -0.02758060
    0.03141610
   -0.03086953
    0.03037905
