           1           2   1.7656287404877251     
           1           3  0.17387572750725322     
           2           3   1.1812068369061017     
           3           4  0.79673683186328648     
           2           5  0.93771416808661712     
           5           6  0.94919498209142761     
           5           7  0.94387651602394396     
           5           8   1.0043735245104741     
           8           9  0.91859340148515534     
           8          10   1.2620861287585712     
           8          11  0.20622397160351422     
          10          11   1.7019501410693922     
          10          12  0.92891860861998965     
          12          13  0.96422812883190745     
          12          14  0.97136761802140803     
          12          15  0.98796031304327891     
          15          16  0.91719612817465457     
          15          17   1.3111902995854436     
          15          18  0.18570784834203913     
          17          18   1.5954070030469512     
          17          19  0.95096480854502563     
          19          20   1.0158986232938001     
          20          21  0.96154991770844189     
          20          22  0.96398125873641072     
          19          23  0.93916060089353426     
          19          24  0.96664945420592552     
          24          25  0.96617462797054077     
          24          26  0.97569747345874702     
          24          27   1.0073914000444761     
          27          28   1.4106568487899400     
          28          29  0.96848564977980245     
          28          30   1.4479275644595906     
          30          31  0.97094424393306844     
          27          32  0.11016905424727734     
          30          32   1.4358879218296940     
          32          33  0.97112954368723070     
          28          34  0.11107078828773427     
          32          34   1.4408937689517936     
          34          35  0.97114316780408017     
          27          36   1.4158405568876977     
          30          36  0.11085193924637936     
          34          36   1.4424198971486535     
          36          37  0.96888117642531302     
