   -0.45803143
   -0.48605891
   -0.44670201
   -0.42298954
   -0.44562474
   -0.46409145
   -0.08371936
   -0.19237044
   -0.18214325
   -0.17970419
   -0.18270070
   -0.10328270
    0.26836995
    0.02764906
   -0.05985077
   -0.06048400
   -0.01182329
    0.26006196
    0.03330297
   -0.11420333
    0.27064708
    0.01780905
   -0.11265968
    0.28291954
    0.03007253
   -0.11437965
    0.27056008
    0.02634017
   -0.11466645
    0.27135429
    0.02167405
   -0.06147653
   -0.06503271
   -0.00077091
    0.04071241
    0.04205800
    0.06716625
    0.04321584
    0.05512888
    0.04700652
    0.09823976
    0.22786007
    0.05963525
    0.05562321
    0.04587464
    0.07283478
    0.18951882
    0.07056596
    0.07066798
    0.05270647
    0.04256806
    0.21458025
    0.04590345
    0.04750457
    0.05344444
    0.07168179
    0.22521777
    0.06152583
    0.07384953
    0.04513293
    0.06047416
    0.07623969
    0.05164760
    0.06257167
    0.05231606
    0.05440802
    0.05962938
    0.04449525
