           2           7  0.18947609834491913     
           3           8  0.19592987542440604     
           4           9  0.19598887896968187     
           5          10  0.19967894288432098     
           6          11  0.19567003641690259     
           1          12  0.19366124046305366     
           1          13   1.6540704385127416     
          12          13   1.2619521368656348     
           7          14  0.96257126187906716     
          13          14  0.93632726109098185     
          14          15  0.98186441478739728     
          15          16   1.0034729667251876     
           7          17  0.97284708088187966     
          16          17   1.0052224756983370     
           2          18   1.5855921587849950     
           7          18   1.3120274118601272     
           8          19  0.97161285889900251     
          18          19  0.93043180757161081     
          19          20   1.0053546824485511     
           3          21   1.6605038456950230     
           8          21   1.2859776900331261     
           9          22  0.98813679464120652     
          21          22  0.92693044703963856     
          22          23  0.99679704168623684     
           4          24   1.6967033682081303     
           9          24   1.2458615265222961     
          10          25  0.97092093197143770     
          24          25  0.93226233206410469     
          25          26  0.99736869783688231     
           5          27   1.6229475855432538     
          10          27   1.3170975398122959     
          11          28  0.97313905340612206     
          27          28  0.91898075864289619     
          28          29   1.0088873330365200     
           6          30   1.6279048327369021     
          11          30   1.3089701812963943     
          12          31  0.97211093684174643     
          30          31  0.93386323411702876     
          31          32  0.97999219029554041     
          32          33   1.0057652193885798     
          12          34  0.97971517771071848     
          33          34   1.0029066859206850     
          14          35  0.95691760698244988     
          15          36  0.97849001281851100     
          15          37  0.97393087411719270     
          16          38  0.97946622920447257     
          16          39  0.97640788801908995     
          17          40  0.96988906827826538     
          17          41  0.94823433555972758     
           8          42  0.87253981356604060     
          19          43  0.95798033647131420     
          20          44  0.98368633938321182     
          20          45  0.98425621826622312     
          20          46  0.97792291573560219     
           9          47  0.93023437875491222     
          22          48  0.93959144813864282     
          23          49  0.98014905938721353     
          23          50  0.98541916387771800     
          23          51  0.98606977133425322     
          10          52  0.89925599903953746     
          25          53  0.95065133769953081     
          26          54  0.98394918262865305     
          26          55  0.98352788793806756     
          26          56  0.98225729158174313     
          11          57  0.88361151248378844     
          28          58  0.95457259777724002     
          29          59  0.97603399335015328     
          29          60  0.98562464964319330     
          29          61  0.98196154908537725     
          31          62  0.95061520280901224     
          32          63  0.97648185886911720     
          32          64  0.97486569243875643     
          33          65  0.97745093271090677     
          33          66  0.97832436322433014     
          34          67  0.96726559806421397     
          34          68  0.96914132479630943     
