   -0.46015513
   -0.47953004
   -0.45948986
   -0.42332222
   -0.45133072
   -0.44726556
   -0.08762642
   -0.19800632
   -0.19150089
   -0.15920656
   -0.18563461
   -0.10018156
    0.26520855
    0.02648097
   -0.06096829
   -0.06177691
    0.00084475
    0.25656252
    0.03182960
   -0.11426882
    0.26222194
    0.01920750
   -0.11427061
    0.27730783
    0.03369240
   -0.11379300
    0.27264290
    0.02584260
   -0.11301168
    0.27510998
    0.01974075
   -0.06228168
   -0.06572848
   -0.00293176
    0.04380658
    0.04399220
    0.06403387
    0.04726111
    0.05457319
    0.07674966
    0.05431639
    0.23078592
    0.06362603
    0.05092270
    0.07789842
    0.04803545
    0.19590367
    0.05482762
    0.04921279
    0.07692759
    0.04999662
    0.20957989
    0.04523261
    0.04695969
    0.06741138
    0.06387735
    0.21225216
    0.07603118
    0.04716795
    0.06422687
    0.06478429
    0.07333835
    0.05237044
    0.05809676
    0.05232630
    0.05699148
    0.06811834
    0.04395398
