           2           7  0.19474963167483514     
           3           8  0.20392356082922433     
           4           9  0.19442598724893764     
           5          10  0.19717440440195641     
           6          11  0.19708539045870377     
           1          12  0.19583088293267531     
           1          13   1.6461998320897446     
          12          13   1.2722731956922395     
           7          14  0.96015452348255703     
          13          14  0.93702415855570631     
          14          15  0.98334763605220255     
          15          16   1.0033162944222191     
           7          17  0.97968952462150960     
          16          17   1.0057660122912602     
           2          18   1.6054094545254105     
           7          18   1.3014619375657879     
           8          19  0.97713094535724554     
          18          19  0.93296100317254349     
          19          20   1.0024485797619180     
           3          21   1.6472831889084762     
           8          21   1.3080287609171442     
           9          22  0.99051317092824021     
          21          22  0.91753568171662669     
          22          23   1.0000541022795524     
           4          24   1.7000822144564882     
           9          24   1.2398684332254100     
          10          25  0.97459844214383917     
          24          25  0.93099862257427035     
          25          26  0.99862460884854731     
           5          27   1.6116196949989881     
          10          27   1.3212161739051107     
          11          28  0.97395267208953684     
          27          28  0.92911168698589164     
          28          29   1.0073744041592352     
           6          30   1.6613012386679937     
          11          30   1.2809100224014149     
          12          31  0.96847670749807924     
          30          31  0.93086006341519378     
          31          32  0.98161677509372691     
          32          33   1.0054177404588529     
          12          34  0.97886489892556150     
          33          34   1.0027711344076498     
          14          35  0.95800666992731731     
          15          36  0.97893599224329608     
          15          37  0.97412916971209729     
          16          38  0.97852643498698499     
          16          39  0.97612119791300545     
          17          40  0.95903573944391662     
          17          41  0.96296286355753713     
           8          42  0.85578706241599711     
          19          43  0.94838724457264201     
          20          44  0.98325823911928545     
          20          45  0.97610754893848883     
          20          46  0.98547033337299550     
           9          47  0.92639203809090076     
          22          48  0.94407601934203822     
          23          49  0.98545975805501596     
          23          50  0.97821060503690260     
          23          51  0.98436713847717072     
          10          52  0.91689565602754819     
          25          53  0.95243877520027054     
          26          54  0.98393748380185175     
          26          55  0.98331988786287283     
          26          56  0.98031082437774741     
          11          57  0.90108047341049158     
          28          58  0.94911277285117179     
          29          59  0.98570413752203578     
          29          60  0.98138859255814392     
          29          61  0.98073122102686683     
          31          62  0.95469909239432604     
          32          63  0.97678432046734509     
          32          64  0.97566529579828798     
          33          65  0.97704528009527836     
          33          66  0.97714622075507163     
          34          67  0.96399525450822987     
          34          68  0.96859008782535083     
