           2           7  0.18947609844901869     
           3           8  0.19592988013584972     
           4           9  0.19598888176132856     
           5          10  0.19967894443222300     
           6          11  0.19567003519513801     
           1          12  0.19366124195184253     
           1          13   1.6540704492437559     
          12          13   1.2619521321346965     
           7          14  0.96257126337147292     
          13          14  0.93632725654664251     
          14          15  0.98186441582604811     
          15          16   1.0034729693247755     
           7          17  0.97284708240722328     
          16          17   1.0052224723097682     
           2          18   1.5855921643958091     
           7          18   1.3120274064365522     
           8          19  0.97161285909880202     
          18          19  0.93043180724677477     
          19          20   1.0053546829697668     
           3          21   1.6605038638125333     
           8          21   1.2859776791138893     
           9          22  0.98813678883342548     
          21          22  0.92693044581639872     
          22          23  0.99679704274210412     
           4          24   1.6967033656991155     
           9          24   1.2458615362178047     
          10          25  0.97092092964010457     
          24          25  0.93226233013956838     
          25          26  0.99736870004513989     
           5          27   1.6229475729024332     
          10          27   1.3170975572568910     
          11          28  0.97313905336968942     
          27          28  0.91898075567363413     
          28          29   1.0088873320217178     
           6          30   1.6279048249208214     
          11          30   1.3089701885623579     
          12          31  0.97211093234502088     
          30          31  0.93386323665424054     
          31          32  0.97999219258784587     
          32          33   1.0057652186057788     
          12          34  0.97971518064320351     
          33          34   1.0029066875990718     
          14          35  0.95691760475319476     
          15          36  0.97849001295079252     
          15          37  0.97393087516403987     
          16          38  0.97946622813032702     
          16          39  0.97640788949455581     
          17          40  0.96988906985822132     
          17          41  0.94823433993170136     
           8          42  0.87253981383251389     
          19          43  0.95798033649148262     
          20          44  0.98368634080691064     
          20          45  0.98425621776117733     
          20          46  0.97792291405021570     
           9          47  0.93023438018317028     
          22          48  0.93959145015528112     
          23          49  0.98014906397748303     
          23          50  0.98541916313593758     
          23          51  0.98606977019980024     
          10          52  0.89925599015595503     
          25          53  0.95065133561724835     
          26          54  0.98394918101883855     
          26          55  0.98352788866935081     
          26          56  0.98225728954373137     
          11          57  0.88361151211311251     
          28          58  0.95457259887855295     
          29          59  0.97603399403971780     
          29          60  0.98562464906305292     
          29          61  0.98196155009989339     
          31          62  0.95061520819348588     
          32          63  0.97648185871339221     
          32          64  0.97486569216020036     
          33          65  0.97745093192969479     
          33          66  0.97832436210828155     
          34          67  0.96726559701087345     
          34          68  0.96914132338990255     
