           2           7  0.19528689581273082     
           3           8  0.20298944253895976     
           4           9  0.19367902654406433     
           5          10  0.19773355535552367     
           6          11  0.19455956036703498     
           1          12  0.19338395486231436     
           1          13   1.6571996262648376     
          12          13   1.2590893806413157     
           7          14  0.96467726078595795     
          13          14  0.93517685515769611     
          14          15  0.98104575820577355     
          15          16   1.0048286513455533     
           7          17  0.97565979402630476     
          16          17   1.0037484402919741     
           2          18   1.6011200850831688     
           7          18   1.3077997581460135     
           8          19  0.97574231735683803     
          18          19  0.93149687595430242     
          19          20   1.0003260441224833     
           3          21   1.6280429756472328     
           8          21   1.3203629651363367     
           9          22  0.99167858705591017     
          21          22  0.92161359578407698     
          22          23  0.99680751731931116     
           4          24   1.6995094038622653     
           9          24   1.2391501011811552     
          10          25  0.97427267239259596     
          24          25  0.93199473305277836     
          25          26  0.99871798184662164     
           5          27   1.6169829357140764     
          10          27   1.3184517441900012     
          11          28  0.97113122487289294     
          27          28  0.92652785214666533     
          28          29   1.0088986257307928     
           6          30   1.6454909640775397     
          11          30   1.2924100048318377     
          12          31  0.97092021296021147     
          30          31  0.93263845534495515     
          31          32  0.98049973235223786     
          32          33   1.0056882687740141     
          12          34  0.98009109923231219     
          33          34   1.0027941565221921     
          14          35  0.95760913516617097     
          15          36  0.97815756423774480     
          15          37  0.97705690203271023     
          16          38  0.97638026881178341     
          16          39  0.97575734167352834     
          17          40  0.96585303406270273     
          17          41  0.94709795700640120     
           8          42  0.85835198751773001     
          19          43  0.95638254315100402     
          20          44  0.97686643513444704     
          20          45  0.98513113685835152     
          20          46  0.98401262210207885     
           9          47  0.92700481193367212     
          22          48  0.94369628913488657     
          23          49  0.97871847641135157     
          23          50  0.98472571991287483     
          23          51  0.98530105535050083     
          10          52  0.90749682048750557     
          25          53  0.95253850021094810     
          26          54  0.98096317395216182     
          26          55  0.98407442594878836     
          26          56  0.98324781135359240     
          11          57  0.89521669994285258     
          28          58  0.95253827213715681     
          29          59  0.97944745401254540     
          29          60  0.98570801561437249     
          29          61  0.98166326943149484     
          31          62  0.95311743858834475     
          32          63  0.97645182089809812     
          32          64  0.97536160045081544     
          33          65  0.97725824568160469     
          33          66  0.97774097733060072     
          34          67  0.96598561382450110     
          34          68  0.96925904523545392     
