   -0.38414673
    0.35540697
   -0.37183766
    0.36070215
   -0.04228893
    0.07308603
    0.10793584
   -0.17625899
    0.17439184
    0.28394562
   -0.41025954
   -0.02445044
    0.06294267
    0.07832703
   -0.17163872
    0.20429372
    0.26904540
   -0.45842459
    0.03182467
   -0.35142513
    0.14352332
    0.15262876
    0.03610734
   -0.06924833
    0.05964864
    0.05264017
    0.00792661
   -0.04346951
    0.04246444
   -0.03336215
    0.03201886
   -0.03480532
    0.03434796
   -0.03458782
    0.04105755
   -0.04510093
    0.04703922
