           1           2   1.7649706631128941     
           1           3  0.17536775025745491     
           2           3   1.1815443748157854     
           3           4  0.79590238318265538     
           2           5  0.94290979747774584     
           5           6  0.96074926533572824     
           5           7  0.93926165691680430     
           5           8  0.99854506245934049     
           8           9  0.92525759366175531     
           8          10   1.2434235715269968     
           8          11  0.19900452287747022     
          10          11   1.7084334500313507     
          10          12  0.94168785699955682     
          12          13  0.95981822998066146     
          12          14  0.95967704008026111     
          12          15  0.99122431249118936     
          15          16  0.91246868520180691     
          15          17   1.2989832551796421     
          15          18  0.19274988889435271     
          17          18   1.6208606302024886     
          17          19  0.94482132628160509     
          19          20   1.0146734220482487     
          20          21  0.96436316587560511     
          20          22  0.95824781059361452     
          19          23  0.95422797353671696     
          19          24  0.95908753651027800     
          24          25  0.97331109104187052     
          24          26  0.96089971475349989     
          24          27   1.0119717699392383     
          27          28   1.4082188652020544     
          28          29  0.96664535292122145     
          28          30   1.4480842972372694     
          30          31  0.97105807419653845     
          27          32  0.11012959532567544     
          30          32   1.4355387623425111     
          32          33  0.97116059600463545     
          28          34  0.11114886271575780     
          32          34   1.4388370098971615     
          34          35  0.97016277793133365     
          27          36   1.4136967765996813     
          30          36  0.10988611541461266     
          34          36   1.4328230324970543     
          36          37  0.96564276325715148     
