   -0.37355610
    0.35815453
   -0.37441856
    0.36254024
   -0.03856662
    0.07142337
    0.08161523
   -0.17333045
    0.23205328
    0.26809143
   -0.45381826
   -0.02404888
    0.07618198
    0.08065423
   -0.16909618
    0.20523390
    0.26581479
   -0.45053904
    0.03393180
   -0.35076872
    0.15312918
    0.14287485
    0.03202009
   -0.06585692
    0.05479707
    0.04788065
    0.00934793
   -0.03948336
    0.03469618
   -0.03116746
    0.03396611
   -0.03296570
    0.03380088
   -0.03158726
    0.03322940
   -0.03808749
    0.03585386
