           1           2   1.7776483668839658     
           1           3  0.18180678535179698     
           2           3   1.1953257191033895     
           3           4  0.77675768556960445     
           2           5  0.92535127095462422     
           5           6  0.95260229058382384     
           5           7  0.97362171496259142     
           5           8  0.99065841573246716     
           8           9  0.87638598456554395     
           8          10   1.3333409812954047     
           8          11  0.20550026783750408     
          10          11   1.6068226864611133     
          10          12  0.94419880983759075     
          12          13  0.95236679578586803     
          12          14  0.97172555738395650     
          12          15  0.99217558704046349     
          15          16  0.91631546365271954     
          15          17   1.2922439796694352     
          15          18  0.19389205776303869     
          17          18   1.6337237116646979     
          17          19  0.94745850116734243     
          19          20   1.0158492012362976     
          20          21  0.95837928539083983     
          20          22  0.96498708620737716     
          19          23  0.95455427635706114     
          19          24  0.95563490802939777     
          24          25  0.97222070864344345     
          24          26  0.96677512255609710     
          24          27   1.0118489307443992     
          27          28   1.4107940837640158     
          28          29  0.96865425964936480     
          28          30   1.4471816028238351     
          30          31  0.97095472001616334     
          27          32  0.11006124777677810     
          30          32   1.4365718523846998     
          32          33  0.97130555680668962     
          28          34  0.11138084632414232     
          32          34   1.4402806253801543     
          34          35  0.97106336084369627     
          27          36   1.4140940652430072     
          30          36  0.11063296839926884     
          34          36   1.4431318822500032     
          36          37  0.96868534583329069     
