           2           7  0.19528689581273151     
           3           8  0.20298944253895781     
           4           9  0.19367902654406569     
           5          10  0.19773355535552439     
           6          11  0.19455956036703323     
           1          12  0.19338395486231519     
           1          13   1.6571996262648376     
          12          13   1.2590893806413157     
           7          14  0.96467726078595750     
          13          14  0.93517685515769522     
          14          15  0.98104575820577444     
          15          16   1.0048286513455531     
           7          17  0.97565979402630520     
          16          17   1.0037484402919752     
           2          18   1.6011200850831702     
           7          18   1.3077997581460141     
           8          19  0.97574231735683781     
          18          19  0.93149687595430331     
          19          20   1.0003260441224828     
           3          21   1.6280429756472299     
           8          21   1.3203629651363369     
           9          22  0.99167858705590883     
          21          22  0.92161359578407664     
          22          23  0.99680751731930983     
           4          24   1.6995094038622702     
           9          24   1.2391501011811545     
          10          25  0.97427267239259630     
          24          25  0.93199473305277880     
          25          26  0.99871798184662097     
           5          27   1.6169829357140801     
          10          27   1.3184517441899997     
          11          28  0.97113122487289316     
          27          28  0.92652785214666677     
          28          29   1.0088986257307928     
           6          30   1.6454909640775395     
          11          30   1.2924100048318385     
          12          31  0.97092021296021080     
          30          31  0.93263845534495493     
          31          32  0.98049973235223642     
          32          33   1.0056882687740143     
          12          34  0.98009109923231064     
          33          34   1.0027941565221918     
          14          35  0.95760913516617074     
          15          36  0.97815756423774403     
          15          37  0.97705690203270967     
          16          38  0.97638026881178286     
          16          39  0.97575734167352668     
          17          40  0.96585303406270362     
          17          41  0.94709795700640165     
           8          42  0.85835198751773012     
          19          43  0.95638254315100524     
          20          44  0.97686643513444904     
          20          45  0.98513113685835174     
          20          46  0.98401262210207974     
           9          47  0.92700481193367246     
          22          48  0.94369628913488612     
          23          49  0.97871847641135279     
          23          50  0.98472571991287605     
          23          51  0.98530105535050216     
          10          52  0.90749682048750568     
          25          53  0.95253850021094721     
          26          54  0.98096317395216248     
          26          55  0.98407442594878802     
          26          56  0.98324781135359307     
          11          57  0.89521669994285480     
          28          58  0.95253827213715681     
          29          59  0.97944745401254596     
          29          60  0.98570801561437349     
          29          61  0.98166326943149607     
          31          62  0.95311743858834230     
          32          63  0.97645182089809879     
          32          64  0.97536160045081477     
          33          65  0.97725824568160469     
          33          66  0.97774097733060295     
          34          67  0.96598561382450154     
          34          68  0.96925904523545747     
