   -0.38182260
    0.35451955
   -0.36670979
    0.36503551
   -0.04377832
    0.10724408
    0.07593217
   -0.16775193
    0.17525300
    0.28428996
   -0.41830131
   -0.02032869
    0.07657127
    0.04844816
   -0.15592941
    0.20387856
    0.27430441
   -0.46981285
    0.03411236
   -0.35228705
    0.14105353
    0.15464194
    0.03277915
   -0.06599285
    0.05532484
    0.04543577
    0.01005820
   -0.03640922
    0.02563105
   -0.03250756
    0.02879366
   -0.03388265
    0.02930776
   -0.02990610
    0.03718995
   -0.04185273
    0.05746817
