           1           2   1.7661574524003472     
           1           3  0.17727504805046831     
           2           3   1.1874027921132735     
           3           4  0.80200249421909953     
           2           5  0.93893184357779269     
           5           6  0.94028343064841524     
           5           7  0.96024878996416563     
           5           8  0.99727710283614979     
           8           9  0.93929595547360900     
           8          10   1.2488635249450533     
           8          11  0.19688894442236782     
          10          11   1.6965524411213337     
          10          12  0.93962734956892491     
          12          13  0.96269743211587355     
          12          14  0.96335887189224312     
          12          15  0.99244541334542091     
          15          16  0.91861234716053908     
          15          17   1.3006203425581415     
          15          18  0.19560450527131376     
          17          18   1.6155922075606803     
          17          19  0.94980950679734588     
          19          20   1.0150457932391912     
          20          21  0.96625054902366825     
          20          22  0.95774479209079355     
          19          23  0.95474624042700074     
          19          24  0.95492689745014281     
          24          25  0.96978194639500381     
          24          26  0.96954108948419782     
          24          27   1.0124536210448094     
          27          28   1.4134506906510715     
          28          29  0.96838577410467119     
          28          30   1.4438068439317837     
          30          31  0.97131261860289808     
          27          32  0.10934006008982672     
          30          32   1.4389881437634533     
          32          33  0.97147316896514102     
          28          34  0.11065735627609122     
          32          34   1.4383780919563489     
          34          35  0.97071564182424452     
          27          36   1.4104849302949067     
          30          36  0.11179812488270346     
          34          36   1.4451912556944240     
          36          37  0.96308025644829898     
