           2           7  0.20135862483799141     
           3           8  0.19053549082974869     
           4           9  0.18726179726766140     
           5          10  0.20231460986654901     
           6          11  0.19935965311581461     
           1          12  0.19536703321512786     
           1          13   1.5906772161614453     
          12          13   1.3104546662282830     
           7          14  0.98165197380617952     
          13          14  0.94111094836390985     
          14          15  0.97605999580620617     
          15          16   1.0033472383761501     
           7          17  0.97491780164523345     
          16          17   1.0070859347945005     
           2          18   1.6684162721410427     
           7          18   1.2679182114048437     
           8          19  0.96481279689260724     
          18          19  0.92785883202357877     
          19          20   1.0002905375919129     
           3          21   1.6430260989582004     
           8          21   1.2920092743106779     
           9          22  0.99608201301116239     
          21          22  0.92427545046211035     
          22          23  0.99825845603358687     
           4          24   1.7101654729496478     
           9          24   1.2288152953037164     
          10          25  0.97871518719787964     
          24          25  0.92912119816238603     
          25          26  0.99718137630071668     
           5          27   1.6300216530735594     
          10          27   1.3208073926237667     
          11          28  0.97310319271670931     
          27          28  0.92419885492760467     
          28          29  0.99216670334540136     
           6          30   1.6355896533443748     
          11          30   1.3110459177849674     
          12          31  0.95934903567924301     
          30          31  0.92226037936357497     
          31          32  0.99836616026201541     
          32          33   1.0044672622345114     
          12          34  0.97747370224175500     
          33          34   1.0034659723077608     
          14          35  0.94546801561607585     
          15          36  0.97561628751308382     
          15          37  0.97816746115620357     
          16          38  0.97879118907546947     
          16          39  0.97659898395543865     
          17          40  0.96619650842462246     
          17          41  0.96625187925328315     
           8          42  0.93124551002398548     
          19          43  0.94682378028362690     
          20          44  0.98104959215837750     
          20          45  0.97702398039217286     
          20          46  0.98246961173549763     
           9          47  0.92852162460905774     
          22          48  0.93967021757045199     
          23          49  0.98138502926330495     
          23          50  0.98529761377303871     
          23          51  0.98234369549574752     
          10          52  0.87687353809755586     
          25          53  0.95396267472039209     
          26          54  0.98473030495805181     
          26          55  0.98411985466162033     
          26          56  0.98122593070919439     
          11          57  0.89644602832552722     
          28          58  0.96498269117210800     
          29          59  0.98375948264769786     
          29          60  0.98371530058626055     
          29          61  0.97960693438358049     
          31          62  0.95235211005895626     
          32          63  0.97805008608974953     
          32          64  0.97127156608104537     
          33          65  0.97830323579795175     
          33          66  0.97469356832838305     
          34          67  0.95939065514040023     
          34          68  0.96616366047644164     
