   -0.37336210
    0.35832335
   -0.37429262
    0.36261374
   -0.03884699
    0.07221386
    0.08170394
   -0.17191575
    0.22957886
    0.26742276
   -0.45221659
   -0.02574243
    0.07876314
    0.08131520
   -0.17054253
    0.20272764
    0.26251880
   -0.44578225
    0.02758033
   -0.35412490
    0.15185377
    0.14725524
    0.05538310
   -0.06267432
    0.03736874
    0.03916256
    0.01593301
   -0.02671432
    0.03740493
   -0.02752050
    0.03429754
   -0.03169945
    0.03168594
   -0.03076385
    0.02951374
   -0.04038249
    0.02196093
