           1           2   1.7777857957280332     
           1           3  0.18184602279842030     
           2           3   1.1953699368048605     
           3           4  0.77652186652393485     
           2           5  0.92549416402957163     
           5           6  0.95231252560942758     
           5           7  0.97356260301522723     
           5           8  0.99022134124582850     
           8           9  0.88216092066500940     
           8          10   1.3311754767907837     
           8          11  0.20527851015408338     
          10          11   1.6087443257857896     
          10          12  0.94278927749945973     
          12          13  0.95390027720339721     
          12          14  0.97142835934973037     
          12          15  0.99322698783389551     
          15          16  0.91785563346772547     
          15          17   1.2851259283031697     
          15          18  0.19489931718254039     
          17          18   1.6420046852865835     
          17          19  0.94618633172901101     
          19          20   1.0161868760530546     
          20          21  0.96160859811790333     
          20          22  0.96376959962294650     
          19          23  0.94314674090551931     
          19          24  0.96528867310157640     
          24          25  0.96624138119006786     
          24          26  0.97568896862523291     
          24          27   1.0088028634055777     
          27          28   1.4159013258983391     
          28          29  0.96844972749850500     
          28          30   1.4428367851468307     
          30          31  0.97097134810209162     
          27          32  0.10979819170208656     
          30          32   1.4405428750901961     
          32          33  0.97144323070089633     
          28          34  0.11078111423536997     
          32          34   1.4361868154455399     
          34          35  0.97131033656103249     
          27          36   1.4105053505384981     
          30          36  0.11110448927279923     
          34          36   1.4477510147768109     
          36          37  0.96892242783869409     
