   -0.37517724
    0.35845864
   -0.37854578
    0.36510411
   -0.03934815
    0.07734878
    0.07426117
   -0.16351853
    0.20511604
    0.26178325
   -0.46018429
    0.03175795
    0.04136587
   -0.35653750
    0.14190946
    0.15576437
   -0.06120352
    0.05852719
    0.04502444
   -0.03066255
   -0.01029322
    0.03114294
   -0.10643445
    0.15845653
    0.04413798
   -0.05294033
    0.02369220
   -0.03512015
    0.02950421
   -0.04032049
    0.02934908
   -0.03637357
    0.03354855
   -0.01959299
