           1           2   1.2025755654280761     
           1           3  0.18312575901788142     
           2           3   1.7721559391810286     
           1           4  0.76709507734384030     
           2           5  0.92458778111834572     
           5           6  0.97418862131395123     
           5           7  0.95222479446142660     
           5           8  0.99139303845001037     
           8           9  0.91511941242370343     
           8          10   1.3069615300076169     
           8          11  0.19255202705678801     
          10          11   1.6018427044996968     
          10          12  0.95413683442230846     
          12          13  0.95233777168565215     
          12          14   1.0147307618889616     
          14          15  0.96645356214837497     
          14          16  0.95285805996225081     
          12          17  0.95335889441421595     
          17          18  0.96583135879651705     
          17          19  0.97424390729028876     
          17          20   1.0170653182404950     
          20          21   1.5779834372357688     
          21          22  0.96939842594744985     
          21          23   1.1941956413262702     
          23          24  0.94716040691213244     
          23          25   1.1737060376313366     
          25          26   1.3376733258713744     
          26          27  0.96857356390511218     
          26          28   1.4942806220896117     
          28          29  0.97196842832614161     
          28          30   1.3715653744010601     
          30          31  0.97163217390511281     
          26          32  0.11441905684242877     
          30          32   1.5055551630804489     
          32          33  0.96828492355618601     
          20          34   1.2003098573217974     
          25          34   1.2516104969959274     
          32          34   1.3311130511526044     
