   -0.45850168
   -0.47632907
   -0.46097822
   -0.42400138
   -0.45392976
   -0.44377964
   -0.08730405
   -0.19756275
   -0.19153919
   -0.15795851
   -0.18572406
   -0.09922122
    0.26748726
    0.02674221
   -0.05984367
   -0.06165481
    0.00075578
    0.25807335
    0.03182997
   -0.11426165
    0.26200164
    0.01920746
   -0.11410735
    0.27767431
    0.03351197
   -0.11359092
    0.27293855
    0.02658770
   -0.11321037
    0.28048317
    0.02013092
   -0.06475245
   -0.06274168
   -0.00026997
    0.04484058
    0.04268881
    0.05986764
    0.04753806
    0.05416121
    0.07808107
    0.05287341
    0.23151809
    0.06338224
    0.05131071
    0.07765722
    0.04757140
    0.19535837
    0.05429674
    0.04876960
    0.07653583
    0.04981248
    0.21655229
    0.04533555
    0.04599722
    0.06775880
    0.06253688
    0.21081196
    0.07331681
    0.06438296
    0.06531860
    0.04665852
    0.06732741
    0.05763939
    0.05425923
    0.05060295
    0.05342736
    0.05917559
    0.04647311
