           2           7  0.19471208168098092     
           3           8  0.20417872361926645     
           4           9  0.19399423588194664     
           5          10  0.19797356392318483     
           6          11  0.19330005230450878     
           1          12  0.19652162609315793     
           1          13   1.6429069948694444     
          12          13   1.2759484116684363     
           7          14  0.96290329150667930     
          13          14  0.93599371061990499     
          14          15  0.98284215907011163     
          15          16   1.0030290028482998     
           7          17  0.98074048389203727     
          16          17   1.0055841938605894     
           2          18   1.6120821446437914     
           7          18   1.2960623890846810     
           8          19  0.97767829088245717     
          18          19  0.93294994512570784     
          19          20   1.0023957114987094     
           3          21   1.6448026038023982     
           8          21   1.3106503072433369     
           9          22  0.99084395122171132     
          21          22  0.91720172022063129     
          22          23   1.0001032941998684     
           4          24   1.6995123396363230     
           9          24   1.2390165447455292     
          10          25  0.97534599924081755     
          24          25  0.93168768084116660     
          25          26  0.99829624852689047     
           5          27   1.6060742679315199     
          10          27   1.3287024589437011     
          11          28  0.97405323870179850     
          27          28  0.92862089244885448     
          28          29   1.0078559506068432     
           6          30   1.6594590551395221     
          11          30   1.2762839934645505     
          12          31  0.96276420191652290     
          30          31  0.93565428026960595     
          31          32  0.98245289942224312     
          32          33   1.0037649481828457     
          12          34  0.97992184867534415     
          33          34   1.0037560487053547     
          14          35  0.95762781097680894     
          15          36  0.97901504099303793     
          15          37  0.97546916658869820     
          16          38  0.97859765453920100     
          16          39  0.97633860502410019     
          17          40  0.95868010151823446     
          17          41  0.96291427930921203     
           8          42  0.85370604590646748     
          19          43  0.94836487629684119     
          20          44  0.98319834665961636     
          20          45  0.97613999421935516     
          20          46  0.98560692161565222     
           9          47  0.92661771449491370     
          22          48  0.94410341966360045     
          23          49  0.98555400959968409     
          23          50  0.97827865209660148     
          23          51  0.98438380032546191     
          10          52  0.90833742083031010     
          25          53  0.95211607503611684     
          26          54  0.98424967629025539     
          26          55  0.98332884468033621     
          26          56  0.98048992665139789     
          11          57  0.90498202399055128     
          28          58  0.95024246722743611     
          29          59  0.98145490653942202     
          29          60  0.98053989512655315     
          29          61  0.98575128904369524     
          31          62  0.95578860236716623     
          32          63  0.97716170926448087     
          32          64  0.97571161616317958     
          33          65  0.97910932615988266     
          33          66  0.97680263764739594     
          34          67  0.96516449745575272     
          34          68  0.97020097792174609     
