           2           7  0.18947609844901986     
           3           8  0.19592988013584695     
           4           9  0.19598888176132770     
           5          10  0.19967894443222181     
           6          11  0.19567003519513743     
           1          12  0.19366124195184337     
           1          13   1.6540704492437619     
          12          13   1.2619521321346925     
           7          14  0.96257126337147381     
          13          14  0.93632725654664228     
          14          15  0.98186441582604655     
          15          16   1.0034729693247759     
           7          17  0.97284708240722384     
          16          17   1.0052224723097696     
           2          18   1.5855921643958066     
           7          18   1.3120274064365540     
           8          19  0.97161285909880246     
          18          19  0.93043180724677543     
          19          20   1.0053546829697662     
           3          21   1.6605038638125373     
           8          21   1.2859776791138868     
           9          22  0.98813678883342648     
          21          22  0.92693044581639850     
          22          23  0.99679704274210357     
           4          24   1.6967033656991108     
           9          24   1.2458615362178120     
          10          25  0.97092092964010468     
          24          25  0.93226233013956883     
          25          26  0.99736870004514011     
           5          27   1.6229475729024359     
          10          27   1.3170975572568855     
          11          28  0.97313905336968853     
          27          28  0.91898075567363424     
          28          29   1.0088873320217182     
           6          30   1.6279048249208139     
          11          30   1.3089701885623599     
          12          31  0.97211093234501844     
          30          31  0.93386323665424065     
          31          32  0.97999219258784587     
          32          33   1.0057652186057773     
          12          34  0.97971518064320229     
          33          34   1.0029066875990711     
          14          35  0.95691760475319398     
          15          36  0.97849001295079230     
          15          37  0.97393087516403987     
          16          38  0.97946622813032724     
          16          39  0.97640788949455648     
          17          40  0.96988906985822232     
          17          41  0.94823433993170003     
           8          42  0.87253981383251333     
          19          43  0.95798033649148184     
          20          44  0.98368634080691120     
          20          45  0.98425621776117644     
          20          46  0.97792291405021614     
           9          47  0.93023438018317184     
          22          48  0.93959145015528278     
          23          49  0.98014906397748491     
          23          50  0.98541916313593825     
          23          51  0.98606977019980113     
          10          52  0.89925599015595603     
          25          53  0.95065133561724890     
          26          54  0.98394918101883977     
          26          55  0.98352788866935104     
          26          56  0.98225728954373215     
          11          57  0.88361151211311106     
          28          58  0.95457259887855272     
          29          59  0.97603399403971680     
          29          60  0.98562464906305247     
          29          61  0.98196155009989250     
          31          62  0.95061520819348488     
          32          63  0.97648185871339344     
          32          64  0.97486569216019991     
          33          65  0.97745093192969401     
          33          66  0.97832436210828244     
          34          67  0.96726559701087456     
          34          68  0.96914132338990233     
