   -0.36970017
    0.35746239
   -0.37183055
    0.36242258
   -0.04199463
    0.08068733
    0.08477679
   -0.16345307
    0.18579912
    0.26850410
   -0.44920182
   -0.02265902
    0.07147826
    0.09198543
   -0.17381980
    0.20764819
    0.26913991
   -0.43737583
    0.02748872
   -0.35478855
    0.14706062
    0.15810272
    0.05264736
   -0.06928818
    0.05887866
    0.03641773
    0.01202204
   -0.03837798
    0.04576847
   -0.03259297
    0.02308685
   -0.03275225
    0.02515628
   -0.02841458
    0.03151029
   -0.03783037
    0.02603593
