           1           2   1.7804927565913657     
           1           3  0.18257558492528056     
           2           3   1.1944030219965065     
           3           4  0.78083623708406602     
           2           5  0.92546153976359768     
           5           6  0.97379865359670426     
           5           7  0.94839253342745966     
           5           8  0.98392357615453718     
           8           9  0.93920366393278854     
           8          10   1.2929141685929784     
           8          11  0.19136766711532027     
          10          11   1.6238847699774719     
          10          12  0.95301782157257786     
          12          13  0.94849614130836102     
          12          14  0.95361772482079621     
          12          15   1.0118761483361718     
          15          16  0.91024890863080277     
          15          17   1.2467045926893856     
          15          18  0.18839105131891065     
          17          18   1.6896551389677659     
          17          19  0.94362694022293214     
          19          20   1.0269003588746111     
          20          21  0.96213843320443126     
          20          22  0.94868517504701333     
          19          23  0.95078102634782136     
          19          24  0.94708527390887542     
          24          25  0.97006827816628238     
          24          26  0.97153001042480147     
          24          27   1.0168387731623336     
          27          28   1.4057816562032937     
          28          29  0.96714241974833981     
          28          30   1.4494624719334233     
          30          31  0.97049985443318554     
          27          32  0.10850973071806334     
          30          32   1.4332487403316778     
          32          33  0.97079968325449595     
          28          34  0.11232450954063282     
          32          34   1.4415378022405694     
          34          35  0.97123825969964428     
          27          36   1.4111299417626517     
          30          36  0.10858511695109974     
          34          36   1.4393352683519955     
          36          37  0.96754480209839588     
