   -0.37071310
    0.35801258
   -0.36030715
    0.32611357
   -0.03250591
    0.06886836
    0.09683077
   -0.18886006
    0.22151287
    0.27449916
   -0.42272541
   -0.02912488
    0.07942818
    0.07580963
   -0.16693328
    0.20655387
    0.26825217
   -0.45894032
    0.03554868
   -0.35935274
    0.16586901
    0.14880205
    0.03287774
   -0.06850224
    0.04922156
    0.04975752
    0.01431829
   -0.03976291
    0.03370716
   -0.03127333
    0.02989867
   -0.03290319
    0.02970637
   -0.02989098
    0.03082852
   -0.03787937
    0.03325812
