           1           2   1.7898421750110900     
           1           3  0.16275379416872782     
           2           3   1.1310612949488339     
           3           4  0.87227268342683417     
           2           5  0.94838866124891397     
           5           6  0.95405647941776628     
           5           7  0.94276204817749865     
           5           8   1.0147288561921204     
           8           9  0.88900397834291367     
           8          10   1.2449964764200119     
           8          11  0.19517169954951852     
          10          11   1.7065729156373497     
          10          12  0.93706028245013939     
          12          13  0.95905836355510488     
          12          14  0.97138196723844195     
          12          15  0.99208617864013571     
          15          16  0.91439353344833618     
          15          17   1.2853573213306424     
          15          18  0.18903624663676494     
          17          18   1.6333598151296773     
          17          19  0.94786743855301048     
          19          20   1.0169685850423644     
          20          21  0.95277064180288418     
          20          22  0.95686871544910412     
          19          23  0.95491538643928586     
          19          24  0.95517749874288749     
          24          25  0.97311255995860046     
          24          26  0.96899450776218699     
          24          27   1.0115238258493475     
          27          28   1.4123861043963546     
          28          29  0.96850990380605251     
          28          30   1.4415038657024255     
          30          31  0.97119418410469405     
          27          32  0.10919416751590548     
          30          32   1.4413789971416517     
          32          33  0.97157354687287001     
          28          34  0.11004213477245142     
          32          34   1.4349725876505284     
          34          35  0.97116730033793730     
          27          36   1.4079671760833448     
          30          36  0.11149980342159088     
          34          36   1.4494892512837880     
          36          37  0.96915878600360095     
