   -0.37162266
    0.35682938
   -0.37684431
    0.36160454
   -0.03886760
    0.08270308
    0.07739007
   -0.17295845
    0.22991215
    0.26712543
   -0.45463570
   -0.02255268
    0.07781226
    0.07719061
   -0.17175518
    0.18246350
    0.25865707
   -0.44829747
    0.02778221
   -0.33376991
    0.15317811
    0.13958785
    0.06647814
   -0.07358969
    0.06426173
    0.03730334
    0.00753340
   -0.04062012
    0.02182470
   -0.03039375
    0.03175439
   -0.03076074
    0.03408191
   -0.02672135
    0.03641753
   -0.03476777
    0.03626595
