           1           2   1.7815861054262176     
           1           3  0.18071448776482793     
           2           3   1.1874603950275140     
           3           4  0.78339210799732806     
           2           5  0.92675063728676199     
           5           6  0.97292168316934780     
           5           7  0.95392360678488131     
           5           8  0.98994582146648546     
           8           9  0.88149202538010418     
           8          10   1.3285353859008899     
           8          11  0.20502917943120499     
          10          11   1.6102831226404282     
          10          12  0.94268053499276638     
          12          13  0.95794647211280870     
          12          14  0.97211453282172311     
          12          15  0.98883307319232860     
          15          16  0.93480378074364401     
          15          17   1.2645745007768898     
          15          18  0.18893981881141372     
          17          18   1.6498471546854301     
          17          19  0.93443837965966958     
          19          20   1.0140080295549179     
          20          21  0.96205395658107151     
          20          22  0.96332134342654263     
          19          23  0.96167520320552580     
          19          24  0.96669570968206264     
          24          25  0.96525910658337422     
          24          26  0.97048355269527842     
          24          27   1.0095462467505789     
          27          28   1.4171508193987141     
          28          29  0.96880610376453613     
          28          30   1.4405271067807950     
          30          31  0.97114513858371521     
          27          32  0.10987826469475530     
          30          32   1.4424074712890196     
          32          33  0.97130280445071382     
          28          34  0.11013636579191018     
          32          34   1.4348504699555895     
          34          35  0.97080735056951961     
          27          36   1.4086110472345963     
          30          36  0.11216928673091191     
          34          36   1.4502961451165006     
          36          37  0.96903932962903827     
