   -0.35974133
    0.35564104
   -0.36592204
    0.32807940
   -0.03131618
    0.07496400
    0.08604595
   -0.17582427
    0.21169492
    0.27095084
   -0.43929095
    0.03029540
    0.02541635
   -0.34797300
    0.14078903
    0.14714014
   -0.05889481
    0.03936887
    0.05330628
   -0.03349252
   -0.00297333
    0.03552874
   -0.09571751
    0.16546465
    0.04454797
   -0.05241881
    0.02722002
   -0.04313774
    0.02395673
   -0.04936107
    0.02229775
   -0.03955906
    0.03666400
   -0.02374945
