           1           2   1.1331320876440074     
           1           3  0.16261059348322965     
           2           3   1.7862624204085698     
           1           4  0.87011598204048168     
           2           5  0.96163407079239849     
           5           6  0.93773346069612373     
           5           7  0.94642180702992929     
           5           8   1.0119821800590896     
           8           9  0.90612664380189356     
           8          10   1.2540767422088563     
           8          11  0.19345622266552145     
          10          11   1.6852681369766880     
          10          12  0.94418797949745481     
          12          13  0.95532080500533989     
          12          14   1.0164183102381681     
          14          15  0.96606147912533469     
          14          16  0.96104893193860197     
          12          17  0.95493003864923520     
          17          18  0.96822329584629330     
          17          19  0.97142976842912110     
          17          20   1.0185688914469266     
          20          21   1.5793865794164335     
          21          22  0.96938620456490932     
          21          23   1.2006511106640674     
          23          24  0.94451913578206581     
          23          25   1.1834912771254704     
          25          26   1.3369510725432296     
          26          27  0.96835980154081147     
          26          28   1.4934801365552834     
          28          29  0.97223273816118860     
          28          30   1.3704154409270550     
          30          31  0.97199953933618455     
          26          32  0.11258048331896316     
          30          32   1.5018519162049015     
          32          33  0.96738719967969167     
          20          34   1.2035666283489628     
          25          34   1.2442096333507260     
          32          34   1.3320578139396535     
