   -0.35634879
    0.35589132
   -0.36983817
    0.32947375
   -0.02918662
    0.08479270
    0.07709920
   -0.18754012
    0.19069229
    0.26459849
   -0.43544689
    0.03012666
    0.03134993
   -0.33640433
    0.15994885
    0.14010528
   -0.06560865
    0.05674791
    0.05324025
   -0.03818852
   -0.00823627
    0.03271256
   -0.09625492
    0.16611031
    0.04469644
   -0.05250223
    0.02815564
   -0.04277409
    0.02515209
   -0.04890160
    0.02355444
   -0.03907248
    0.03583612
   -0.02398058
