           1           2   1.1387142131050738     
           1           3  0.16241788017786576     
           2           3   1.7790387367596103     
           1           4  0.86942458422082725     
           2           5  0.96396345093990476     
           5           6  0.94549790973113623     
           5           7  0.93866289578579343     
           5           8   1.0081401010703162     
           8           9  0.91967867942300308     
           8          10   1.2319749879989010     
           8          11  0.18707717556309642     
          10          11   1.6949407232904785     
          10          12  0.93712306977127247     
          12          13  0.96229255798789826     
          12          14   1.0268974244397202     
          14          15  0.95580062550259315     
          14          16  0.96496720369374289     
          12          17  0.94942217445791854     
          17          18  0.96975191562469354     
          17          19  0.96935120937864538     
          17          20   1.0197402668419664     
          20          21   1.5772217017327175     
          21          22  0.96974147019253110     
          21          23   1.1994162269042550     
          23          24  0.94442798740780698     
          23          25   1.1839700359812704     
          25          26   1.3359895987649990     
          26          27  0.96833122188336462     
          26          28   1.4943084649986949     
          28          29  0.97217829722850191     
          28          30   1.3701175603685207     
          30          31  0.97194471863506060     
          26          32  0.11289326892982117     
          30          32   1.5021806690805779     
          32          33  0.96759771145064610     
          20          34   1.2026303129239879     
          25          34   1.2451261676238412     
          32          34   1.3314741191528467     
