   -0.45952715
   -0.47970913
   -0.45903055
   -0.42386512
   -0.45103131
   -0.44902818
   -0.08726739
   -0.19725013
   -0.19107566
   -0.16072241
   -0.18508760
   -0.10085646
    0.26573419
    0.02643804
   -0.06082509
   -0.06178332
    0.00090589
    0.25707803
    0.03184013
   -0.11447870
    0.26221337
    0.01885460
   -0.11418727
    0.27754865
    0.03334984
   -0.11358549
    0.27281844
    0.02606669
   -0.11325287
    0.27512407
    0.02006011
   -0.06224900
   -0.06582188
   -0.00266572
    0.04387537
    0.04384381
    0.06346744
    0.04712254
    0.05458205
    0.07511107
    0.05675734
    0.23053057
    0.06316238
    0.05015168
    0.07871100
    0.04796752
    0.19546183
    0.05535142
    0.04988792
    0.04889718
    0.07669780
    0.21058348
    0.04671955
    0.04722598
    0.06746143
    0.06246613
    0.21331844
    0.07432246
    0.06606195
    0.04691515
    0.06382580
    0.07362079
    0.05249017
    0.05818495
    0.05243624
    0.05687477
    0.06708910
    0.04409307
