           2           7  0.19475598912008521     
           3           8  0.20429355896481696     
           4           9  0.19444287966747345     
           5          10  0.19739017367067385     
           6          11  0.19616657034815149     
           1          12  0.19537768970190877     
           1          13   1.6478537035263150     
          12          13   1.2704045129589188     
           7          14  0.96074455197736053     
          13          14  0.93692456238318178     
          14          15  0.98304710035259457     
          15          16   1.0032683284715096     
           7          17  0.97954290422147838     
          16          17   1.0057699262301227     
           2          18   1.6052013041083546     
           7          18   1.3013505199314594     
           8          19  0.97667572333017139     
          18          19  0.93317061633430221     
          19          20   1.0023952775111797     
           3          21   1.6482690951469030     
           8          21   1.3081454731487234     
           9          22  0.99070420982943697     
          21          22  0.91692342488673106     
          22          23   1.0000619192699534     
           4          24   1.6992281538323684     
           9          24   1.2400848630815420     
          10          25  0.97449228088440498     
          24          25  0.93127788282627866     
          25          26  0.99858916196022141     
           5          27   1.6119650553372558     
          10          27   1.3215462526985040     
          11          28  0.97295733604034573     
          27          28  0.92850210181693082     
          28          29   1.0079147780700732     
           6          30   1.6574140902394152     
          11          30   1.2833592012912289     
          12          31  0.96879539409022786     
          30          31  0.93154937482271805     
          31          32  0.98133274412970173     
          32          33   1.0054518705247879     
          12          34  0.97897063702635689     
          33          34   1.0027820006309429     
          14          35  0.95789914348665706     
          15          36  0.97897291248142304     
          15          37  0.97434896529196036     
          16          38  0.97856494565349683     
          16          39  0.97614379412660968     
          17          40  0.95987434286857554     
          17          41  0.96299005254066306     
           8          42  0.85635347598234990     
          19          43  0.94888333859618568     
          20          44  0.98336676746056706     
          20          45  0.97582297894024073     
          20          46  0.98546895018079139     
           9          47  0.92656359963972967     
          22          48  0.94387847351031351     
          23          49  0.98435802223178925     
          23          50  0.98556357823647378     
          23          51  0.97822234726196822     
          10          52  0.91441490511587020     
          25          53  0.95227626372666885     
          26          54  0.98396879250696612     
          26          55  0.98331715346315829     
          26          56  0.98053535853631812     
          11          57  0.90056350447287925     
          28          58  0.95019096823766436     
          29          59  0.98033009633848445     
          29          60  0.98568476338222544     
          29          61  0.98145010046462955     
          31          62  0.95458645729556391     
          32          63  0.97671701630995256     
          32          64  0.97564556066282571     
          33          65  0.97706509450858336     
          33          66  0.97720911004922961     
          34          67  0.96443263389114064     
          34          68  0.96868556153325225     
