           2           7  0.19480527522914870     
           3           8  0.20435202479432138     
           4           9  0.19439079063735096     
           5          10  0.19741218340717076     
           6          11  0.19616100406741108     
           1          12  0.19539553844484830     
           1          13   1.6483183639731349     
          12          13   1.2700022325129645     
           7          14  0.96082341736117638     
          13          14  0.93687331355321890     
          14          15  0.98298417436409902     
          15          16   1.0032406597352959     
           7          17  0.97949615108488475     
          16          17   1.0057668655291112     
           2          18   1.6049370528716933     
           7          18   1.3016588899103529     
           8          19  0.97667765440121679     
          18          19  0.93322569962461199     
          19          20   1.0023109140134556     
           3          21   1.6480385977453804     
           8          21   1.3084667301070929     
           9          22  0.99070361223099745     
          21          22  0.91701689317557256     
          22          23  0.99988423656887382     
           4          24   1.6990506226138646     
           9          24   1.2401380865010574     
          10          25  0.97448422454215078     
          24          25  0.93132374464484302     
          25          26  0.99854011498529083     
           5          27   1.6121036915588640     
          10          27   1.3214102056765120     
          11          28  0.97308166844251132     
          27          28  0.92843777674919825     
          28          29   1.0078883985270095     
           6          30   1.6571029704052569     
          11          30   1.2836206560490586     
          12          31  0.96886233310271097     
          30          31  0.93154029650572456     
          31          32  0.98129396058744933     
          32          33   1.0054647191947801     
          12          34  0.97900508080628024     
          33          34   1.0027851832928720     
          14          35  0.95790010793965419     
          15          36  0.97900457754486969     
          15          37  0.97443565325453085     
          16          38  0.97857201683193429     
          16          39  0.97614937736105234     
          17          40  0.95985256918730799     
          17          41  0.96295732636866593     
           8          42  0.85643159977530015     
          19          43  0.94897177197810545     
          20          44  0.98338904343744160     
          20          45  0.97586442513455518     
          20          46  0.98547433995269540     
           9          47  0.92654538700830158     
          22          48  0.94400206522386676     
          23          49  0.98438608499897573     
          23          50  0.98553498077504886     
          23          51  0.97827054838094940     
          10          52  0.91423433504245200     
          25          53  0.95242337850478276     
          26          54  0.98396601567614650     
          26          55  0.98328718332628606     
          26          56  0.98059476809583557     
          11          57  0.90029231222981132     
          28          58  0.95022003451907988     
          29          59  0.98030206707576140     
          29          60  0.98570275210241909     
          29          61  0.98144502084603535     
          31          62  0.95455854846561095     
          32          63  0.97669505299111536     
          32          64  0.97562983914898260     
          33          65  0.97707063900152336     
          33          66  0.97720869193470339     
          34          67  0.96448068712500978     
          34          68  0.96871256476694911     
