   -0.36772057
    0.35658963
   -0.36060530
    0.32593993
   -0.03362714
    0.09747506
    0.06867244
   -0.18728592
    0.22506433
    0.27380175
   -0.42491195
   -0.02550035
    0.07281444
    0.07854225
   -0.17076389
    0.17713113
    0.26487042
   -0.45372867
    0.03724216
   -0.33795108
    0.15612619
    0.16271170
    0.03384053
   -0.07175795
    0.06220804
    0.05250186
    0.00675162
   -0.03901165
    0.03225170
   -0.03132268
    0.03121086
   -0.03399304
    0.03089688
   -0.03162262
    0.03156294
   -0.04137347
    0.03297045
