           1           2   1.7925984044287360     
           1           3  0.16351620018897381     
           2           3   1.1298005850746857     
           3           4  0.87233876717164249     
           2           5  0.94938704623866210     
           5           6  0.94293072696288216     
           5           7  0.95136032917604663     
           5           8   1.0141706567785398     
           8           9  0.88294909687448397     
           8          10   1.2545156331992782     
           8          11  0.19870655861356123     
          10          11   1.7008352109167282     
          10          12  0.93678537368253179     
          12          13  0.97261326404066184     
          12          14  0.95959493739525692     
          12          15  0.98624283807889512     
          15          16  0.94000809319560807     
          15          17   1.2694079137184100     
          15          18  0.18531718464971372     
          17          18   1.6372475526601726     
          17          19  0.93921939087319328     
          19          20   1.0275248756896931     
          20          21  0.95746555428577917     
          20          22  0.95445825060138645     
          19          23  0.96102622049586917     
          19          24  0.95095330098971065     
          24          25  0.96616453899356081     
          24          26  0.97215382047837939     
          24          27   1.0148338934635281     
          27          28   1.4110496798884704     
          28          29  0.96899101692177325     
          28          30   1.4453948745513514     
          30          31  0.97112717230104462     
          27          32  0.10972064738554603     
          30          32   1.4385830527271288     
          32          33  0.97150259893171609     
          28          34  0.11067891188435196     
          32          34   1.4372538259609486     
          34          35  0.97111041624818994     
          27          36   1.4102982694239874     
          30          36  0.11079797252742224     
          34          36   1.4469563174804980     
          36          37  0.96928623393982161     
