   -0.36735709
    0.35826667
   -0.36773889
    0.36342372
   -0.04127698
    0.08267648
    0.07964903
   -0.16372499
    0.18700248
    0.26928642
   -0.44494451
   -0.01785436
    0.08439551
    0.07748610
   -0.17754258
    0.19517818
    0.27366917
   -0.43152382
    0.03157691
   -0.33999637
    0.14476837
    0.16331401
    0.03345552
   -0.06994718
    0.03979120
    0.04612747
    0.00357695
   -0.04081988
    0.03133464
   -0.03368454
    0.02681565
   -0.03565044
    0.04601251
   -0.02848766
    0.03580978
   -0.04090855
    0.02784108
