           1           2   1.7820048076424841     
           1           3  0.18293006180017138     
           2           3   1.1963653026864167     
           3           4  0.78170803620933327     
           2           5  0.92254034926154693     
           5           6  0.97358262535112017     
           5           7  0.95436364599797474     
           5           8  0.98548430682156551     
           8           9  0.93875941545381791     
           8          10   1.2895036656357846     
           8          11  0.18981131723465447     
          10          11   1.6211962981958759     
          10          12  0.97099391313450167     
          12          13  0.94854134562920800     
          12          14  0.93984608900178979     
          12          15   1.0090593310309324     
          15          16  0.92006284676847150     
          15          17   1.2449666190193787     
          15          18  0.19244198238042695     
          17          18   1.6918916117308282     
          17          19  0.94558887369337230     
          19          20   1.0301934122995826     
          20          21  0.96251963214818925     
          20          22  0.95390550543393782     
          19          23  0.96053224013398864     
          19          24  0.93781500882570290     
          24          25  0.96879046203230845     
          24          26  0.97419446074791194     
          24          27   1.0145033618056369     
          27          28   1.4091325575276241     
          28          29  0.96893768414465398     
          28          30   1.4460732197366744     
          30          31  0.97129198446109433     
          27          32  0.10937157521292000     
          30          32   1.4380494673005146     
          32          33  0.96873164750506058     
          28          34  0.11082128569722906     
          32          34   1.4362464397509338     
          34          35  0.97082611044160183     
          27          36   1.4087306160713939     
          30          36  0.10991403891669765     
          34          36   1.4469490796190292     
          36          37  0.96962433509590262     
