   -0.37937125
    0.35590732
   -0.37225009
    0.35145731
   -0.04255294
    0.07828102
    0.10959965
   -0.17533127
    0.19923226
    0.27018593
   -0.41696817
   -0.02676311
    0.06578697
    0.07962296
   -0.15604049
    0.21115578
    0.26233536
   -0.48360794
    0.03314469
   -0.35622415
    0.14645431
    0.15788374
    0.03841781
   -0.06670981
    0.04853043
    0.05568541
    0.01124094
   -0.04092516
    0.03160053
   -0.03059725
    0.03264423
   -0.03114482
    0.03366883
   -0.02847885
    0.03541352
   -0.03760073
    0.03631704
