           1           2   1.7699931746126014     
           1           3  0.17333621634872931     
           2           3   1.1776051719240350     
           3           4  0.79800338023858963     
           2           5  0.93757286367136883     
           5           6  0.94922677710653747     
           5           7  0.94448922464796259     
           5           8   1.0044463047044998     
           8           9  0.91939428592761252     
           8          10   1.2611161959914394     
           8          11  0.20595766892581674     
          10          11   1.7022285105183625     
          10          12  0.92908928452509387     
          12          13  0.96406117173440564     
          12          14  0.97105454315620932     
          12          15  0.98886339743351959     
          15          16  0.91076833294273096     
          15          17   1.3177378371901289     
          15          18  0.18575008450984759     
          17          18   1.5867404843717798     
          17          19  0.95065853421132873     
          19          20   1.0162180091826429     
          20          21  0.96448249821961296     
          20          22  0.95207765362644581     
          19          23  0.95255525747643355     
          19          24  0.95496683819775929     
          24          25  0.97375660588703805     
          24          26  0.96772088707330717     
          24          27   1.0093818584159782     
          27          28   1.4136103254695374     
          28          29  0.96829219187296811     
          28          30   1.4393635907025817     
          30          31  0.97104709214256435     
          27          32  0.10913475122578559     
          30          32   1.4428019335571769     
          32          33  0.97129818749226426     
          28          34  0.10993155240631622     
          32          34   1.4344561026266487     
          34          35  0.97087547851125633     
          27          36   1.4079609083372688     
          30          36  0.11207547361421386     
          34          36   1.4499866956351681     
          36          37  0.96886314488084735     
