   -0.37561083
    0.35820317
   -0.37882524
    0.36521998
   -0.03789588
    0.07092999
    0.07628008
   -0.16292834
    0.20846104
    0.26475683
   -0.46099170
    0.03338779
    0.03301122
   -0.35131083
    0.15778166
    0.14374977
   -0.05971833
    0.04849068
    0.05193452
   -0.03222434
   -0.00926765
    0.03189564
   -0.10344883
    0.15998318
    0.04340631
   -0.05238254
    0.02538278
   -0.03561524
    0.03024381
   -0.04114114
    0.02775152
   -0.03476342
    0.02193767
   -0.01668334
