           1           2   1.2029160439689555     
           1           3  0.18317148187907528     
           2           3   1.7718612532125850     
           1           4  0.76590808683898481     
           2           5  0.92460875262278197     
           5           6  0.95179997516204540     
           5           7  0.97425162564591350     
           5           8  0.99203477340716806     
           8           9  0.91124760405537719     
           8          10   1.3119067141594012     
           8          11  0.19302217640842143     
          10          11   1.6013983359911292     
          10          12  0.95197973016414761     
          12          13  0.95334044415498098     
          12          14   1.0169254062025546     
          14          15  0.95492363770539379     
          14          16  0.96581523230121247     
          12          17  0.95434038281406108     
          17          18  0.96779862796621352     
          17          19  0.97044581546150921     
          17          20   1.0185569525762739     
          20          21   1.5794530271168714     
          21          22  0.96918268790589379     
          21          23   1.1984697033116500     
          23          24  0.94658592285369514     
          23          25   1.1754492617636880     
          25          26   1.3381399739045001     
          26          27  0.96843265100226650     
          26          28   1.4948139199744959     
          28          29  0.97195413820775756     
          28          30   1.3700432674680831     
          30          31  0.97174693455588868     
          26          32  0.11369032403332613     
          30          32   1.5065933510345975     
          32          33  0.96674820272101547     
          20          34   1.2053549096366676     
          25          34   1.2478386230163738     
          32          34   1.3292428900179645     
