   -0.37184150
    0.35828158
   -0.37317928
    0.36232071
   -0.03855921
    0.08139724
    0.07257277
   -0.17164083
    0.22872844
    0.26800029
   -0.45131933
   -0.02180825
    0.07823308
    0.07799388
   -0.17699848
    0.18031702
    0.25744895
   -0.44815850
    0.03470685
   -0.33382175
    0.16188153
    0.14434042
    0.03609236
   -0.07265231
    0.06746725
    0.05235961
    0.00469084
   -0.03958223
    0.03223104
   -0.03088778
    0.03562469
   -0.03287581
    0.03558257
   -0.03148478
    0.03500476
   -0.04350331
    0.03303743
