           1           2   1.7790720092561787     
           1           3  0.18195836986387737     
           2           3   1.1949586113878072     
           3           4  0.77870309202495835     
           2           5  0.92457231142352359     
           5           6  0.97354944987527214     
           5           7  0.95255305085595787     
           5           8  0.99052837404130079     
           8           9  0.88320895547062805     
           8          10   1.3292196257639297     
           8          11  0.20560029971359206     
          10          11   1.6107474803817301     
          10          12  0.94441906995610603     
          12          13  0.97220599341473568     
          12          14  0.95435530951713143     
          12          15  0.98736464943561320     
          15          16  0.93652125743808901     
          15          17   1.2679579269930552     
          15          18  0.18802961275639174     
          17          18   1.6442707539635713     
          17          19  0.93877832278419593     
          19          20   1.0311432667487190     
          20          21  0.95586669231819021     
          20          22  0.96331730192615961     
          19          23  0.95806555010375294     
          19          24  0.95062358473900310     
          24          25  0.96292152845123002     
          24          26  0.97316780182132989     
          24          27   1.0147235538834192     
          27          28   1.4123579347863895     
          28          29  0.96891280663056079     
          28          30   1.4434954267867230     
          30          31  0.97081890968289497     
          27          32  0.10974451169154933     
          30          32   1.4403878416765736     
          32          33  0.97119142983807305     
          28          34  0.11049853766779780     
          32          34   1.4355843679218667     
          34          35  0.97088702172895425     
          27          36   1.4063583568071594     
          30          36  0.11109091674718065     
          34          36   1.4484480435078015     
          36          37  0.96919732113735813     
