   -0.36651408
    0.35743705
   -0.36996940
    0.36181157
   -0.04153891
    0.08195092
    0.08482203
   -0.16154412
    0.18755713
    0.26879108
   -0.45277934
   -0.01919361
    0.07140740
    0.08780460
   -0.18502752
    0.19297414
    0.26215115
   -0.43744005
    0.02760677
   -0.34284514
    0.14770653
    0.14154277
    0.06109458
   -0.06998392
    0.05700757
    0.06101522
    0.01055828
   -0.03871032
    0.03624869
   -0.02666948
    0.03416728
   -0.03062134
    0.02481209
   -0.03330988
    0.02184980
   -0.04042421
    0.03625468
