           1           2   1.7835973294598282     
           1           3  0.18261968483680807     
           2           3   1.1926952139766189     
           3           4  0.78502401833939828     
           2           5  0.92423082932505451     
           5           6  0.97360733154914736     
           5           7  0.94985395352969038     
           5           8  0.98430223956011531     
           8           9  0.93841496358879306     
           8          10   1.2971885111327393     
           8          11  0.19047888983005512     
          10          11   1.6156374280015586     
          10          12  0.96272320764458241     
          12          13  0.94211275070481126     
          12          14  0.95336232783445418     
          12          15   1.0086643176657821     
          15          16  0.91443897285518294     
          15          17   1.2309388989021679     
          15          18  0.18666585293926879     
          17          18   1.6949241261272632     
          17          19  0.93577341143892756     
          19          20   1.0275829708639985     
          20          21  0.95224097517695305     
          20          22  0.96423453728817110     
          19          23  0.95286508851747365     
          19          24  0.95299216042528778     
          24          25  0.97099385701167096     
          24          26  0.96778774529197564     
          24          27   1.0143569270347759     
          27          28   1.4134459861322171     
          28          29  0.96704963755160567     
          28          30   1.4417937533304255     
          30          31  0.97103315642439858     
          27          32  0.10941085990407515     
          30          32   1.4400298000775325     
          32          33  0.97005564161963498     
          28          34  0.10940340720397933     
          32          34   1.4352730418417228     
          34          35  0.97108367619790648     
          27          36   1.4075409023790921     
          30          36  0.11160469944221735     
          34          36   1.4479345026999817     
          36          37  0.96863411775083708     
