   -0.38308576
    0.35970426
   -0.37854668
    0.36485377
   -0.03946185
    0.07840292
    0.07451235
   -0.15498494
    0.20656441
    0.26997109
   -0.46297618
    0.03127479
    0.03133827
   -0.35169962
    0.14106108
    0.15041443
   -0.06650575
    0.05785582
    0.04192427
   -0.04313012
   -0.00428004
    0.03437765
   -0.09761009
    0.16407841
    0.04769761
   -0.04409380
    0.03096910
   -0.02844560
    0.03540901
   -0.03897196
    0.02663885
   -0.04380449
    0.01687438
   -0.02632556
