           1           2   1.1976473178483860     
           1           3  0.18094880096053079     
           2           3   1.7737305656537503     
           1           4  0.76136547908012353     
           2           5  0.92571826975805538     
           5           6  0.97430867792611087     
           5           7  0.95109807944469515     
           5           8  0.99201955825264065     
           8           9  0.92284055531977693     
           8          10   1.3131642735372890     
           8          11  0.19183657672775858     
          10          11   1.5986320811818859     
          10          12  0.94967169366392445     
          12          13  0.96026812393620631     
          12          14   1.0123692391753671     
          14          15  0.96522322605587374     
          14          16  0.96148629735384838     
          12          17  0.95444363475835747     
          17          18  0.96947640420148173     
          17          19  0.97336323681438830     
          17          20   1.0125140478910235     
          20          21   1.5746103561717550     
          21          22  0.96968751894089977     
          21          23   1.2060419340478437     
          23          24  0.94530748980587664     
          23          25   1.1768529101089620     
          25          26   1.3366361789558421     
          26          27  0.96813208496837178     
          26          28   1.4979784483458118     
          28          29  0.97154583616821599     
          28          30   1.3680889196359889     
          30          31  0.97177740073631469     
          26          32  0.11411370940366217     
          30          32   1.5083084171006329     
          32          33  0.96694961364327314     
          20          34   1.2039624067918533     
          25          34   1.2502983094925746     
          32          34   1.3258711786670903     
