   -0.37604571
    0.35727834
   -0.36967664
    0.36359224
   -0.04086566
    0.07596564
    0.07729042
   -0.17780114
    0.20607130
    0.26584805
   -0.45556659
   -0.02904519
    0.08285029
    0.11092693
   -0.18739828
    0.17564473
    0.26785273
   -0.40226740
    0.02745101
   -0.35744680
    0.15599238
    0.16116228
    0.03628860
   -0.07114540
    0.05842923
    0.05046483
    0.00957352
   -0.03946367
    0.03023039
   -0.03061592
    0.03332837
   -0.03201660
    0.03241402
   -0.02980032
    0.03193042
   -0.03986784
    0.02843744
