           1           2   1.7753693215442796     
           1           3  0.18226030679175800     
           2           3   1.1967833438505706     
           3           4  0.78300859855732008     
           2           5  0.92540042843218995     
           5           6  0.97386507707960546     
           5           7  0.95518414711019894     
           5           8  0.99089693757277297     
           8           9  0.88432036359098765     
           8          10   1.3073081841138774     
           8          11  0.19481539358107422     
          10          11   1.6112029254811855     
          10          12  0.95529462745210969     
          12          13  0.95347767247603832     
          12          14  0.94140875236917887     
          12          15   1.0023516645435686     
          15          16  0.93849170637962653     
          15          17   1.2145118527257555     
          15          18  0.19091369418261650     
          17          18   1.7314646256380395     
          17          19  0.93272003477617094     
          19          20  0.99771787332626460     
          20          21  0.95581084213986678     
          20          22  0.95721327973583348     
          19          23  0.96051432508740842     
          19          24  0.97210354784282738     
          24          25  0.96936542357762945     
          24          26  0.96729611965284268     
          24          27   1.0122009829890846     
          27          28   1.4140010318225635     
          28          29  0.96883511322074101     
          28          30   1.4410093390691514     
          30          31  0.97105170424656440     
          27          32  0.10925952804735894     
          30          32   1.4420778160502714     
          32          33  0.97139976629210878     
          28          34  0.11022195147833211     
          32          34   1.4348941338517589     
          34          35  0.97109756031703909     
          27          36   1.4078265175842233     
          30          36  0.11190116330162347     
          34          36   1.4497073445129816     
          36          37  0.96960247292508861     
