           1           2   1.7753524296661822     
           1           3  0.18085140774604933     
           2           3   1.1941182879249257     
           3           4  0.76838718278145479     
           2           5  0.92697767454172786     
           5           6  0.95290777174106467     
           5           7  0.97358836170632668     
           5           8  0.98989119839186590     
           8           9  0.86904213661903817     
           8          10   1.3367152826372259     
           8          11  0.20479959130585135     
          10          11   1.6051614417441851     
          10          12  0.94210922538867625     
          12          13  0.97209474383877437     
          12          14  0.95363904714930992     
          12          15  0.99417543527599517     
          15          16  0.91835543371407213     
          15          17   1.2939792157875911     
          15          18  0.19376560158209538     
          17          18   1.6266691882492192     
          17          19  0.95090603666946327     
          19          20   1.0147107785583924     
          20          21  0.95935244117327723     
          20          22  0.96531069750184839     
          19          23  0.95490241847389501     
          19          24  0.95599638077812388     
          24          25  0.97324014141261173     
          24          26  0.96494181768612064     
          24          27   1.0119336714576006     
          27          28   1.4138229572549146     
          28          29  0.96846841393201921     
          28          30   1.4445213415997584     
          30          31  0.96585650676610424     
          27          32  0.10974104287339409     
          30          32   1.4383549059166081     
          32          33  0.97109583173616920     
          28          34  0.11061100750835710     
          32          34   1.4387410451122113     
          34          35  0.97112277285778015     
          27          36   1.4083750604102641     
          30          36  0.11146420168267306     
          34          36   1.4447071849142590     
          36          37  0.96819899689630451     
