           2           7  0.19462580881313066     
           3           8  0.20255025997505602     
           4           9  0.19370262677859115     
           5          10  0.19755073846930368     
           6          11  0.19360550608817623     
           1          12  0.19212263820451653     
           1          13   1.6538084495061043     
          12          13   1.2610455036359649     
           7          14  0.96247454974498070     
          13          14  0.93683785385850227     
          14          15  0.98277171507364292     
          15          16   1.0037369671078376     
           7          17  0.97371330448906990     
          16          17   1.0045409929732945     
           2          18   1.5983801570909679     
           7          18   1.3080380910099931     
           8          19  0.97445874781435948     
          18          19  0.93150200176707088     
          19          20   1.0020741852710322     
           3          21   1.6359063808052032     
           8          21   1.3149257318976835     
           9          22  0.99221601479208499     
          21          22  0.92030788762896620     
          22          23  0.99694382627333211     
           4          24   1.6982497416403359     
           9          24   1.2394417194247236     
          10          25  0.97419266090442391     
          24          25  0.93268250632395666     
          25          26  0.99833325985638588     
           5          27   1.6168383298008462     
          10          27   1.3185371696443073     
          11          28  0.97033814208422509     
          27          28  0.92639578460354677     
          28          29   1.0090729357634223     
           6          30   1.6469180321900665     
          11          30   1.2911211375560112     
          12          31  0.97048499499018470     
          30          31  0.93276948638965207     
          31          32  0.98017746978459164     
          32          33   1.0056762057913842     
          12          34  0.97967440916857251     
          33          34   1.0028034515298152     
          14          35  0.95647714614960944     
          15          36  0.97833269984826809     
          15          37  0.97349528764478910     
          16          38  0.97987280414501254     
          16          39  0.97677155589714215     
          17          40  0.96775073345597873     
          17          41  0.95247983984320439     
           8          42  0.85962488602461262     
          19          43  0.95524674709957524     
          20          44  0.97604009691047655     
          20          45  0.98511020717278619     
          20          46  0.98413803604399552     
           9          47  0.92725469303876040     
          22          48  0.94298678537171399     
          23          49  0.98549291513159831     
          23          50  0.97868253757568169     
          23          51  0.98470914683704236     
          10          52  0.90775038948371911     
          25          53  0.95144570403100159     
          26          54  0.98415154145005745     
          26          55  0.98339569723263309     
          26          56  0.98095416105819400     
          11          57  0.89268030479984983     
          28          58  0.95344350936287547     
          29          59  0.98557731549204219     
          29          60  0.98189049234805126     
          29          61  0.97981599438978684     
          31          62  0.95396968910128654     
          32          63  0.97653791822934743     
          32          64  0.97548986269272320     
          33          65  0.97714700144571232     
          33          66  0.97729985165733324     
          34          67  0.96712793843804090     
          34          68  0.96855382613283147     
