   -0.37583327
    0.35615577
   -0.37513528
    0.34997344
   -0.04225500
    0.11068137
    0.07903473
   -0.17403988
    0.19750384
    0.26988658
   -0.41635859
   -0.02279976
    0.07633403
    0.06711816
   -0.16271418
    0.18413411
    0.26136298
   -0.47698251
    0.03436608
   -0.33582923
    0.16252747
    0.15170816
    0.03970387
   -0.07163372
    0.03625339
    0.06824599
    0.01229652
   -0.03902811
    0.01997461
   -0.02930985
    0.02940452
   -0.03059114
    0.03277659
   -0.02820085
    0.03464304
   -0.03626491
    0.04289104
