           1           2   1.7749309446836199     
           1           3  0.17247178227284884     
           2           3   1.1724719207709031     
           3           4  0.79918483092108739     
           2           5  0.93743242933865689     
           5           6  0.94390315059972030     
           5           7  0.94984147366099703     
           5           8   1.0042108339983844     
           8           9  0.92195079029445171     
           8          10   1.2598494468848358     
           8          11  0.20575668736655278     
          10          11   1.7023742607958425     
          10          12  0.93039498134095755     
          12          13  0.97130283054626410     
          12          14  0.96534658217878055     
          12          15  0.98392745739727061     
          15          16  0.93868157886047232     
          15          17   1.2878878296810032     
          15          18  0.17918376338926978     
          17          18   1.6053930937304910     
          17          19  0.93947839319445492     
          19          20   1.0366604308844090     
          20          21  0.95160221385972099     
          20          22  0.96045594492531550     
          19          23  0.95426730814188443     
          19          24  0.95074674772927892     
          24          25  0.97338614631450149     
          24          26  0.96712817877009671     
          24          27   1.0121675816565705     
          27          28   1.4116899206694724     
          28          29  0.96924486724949976     
          28          30   1.4456227985850207     
          30          31  0.97128112573888892     
          27          32  0.10983321065947527     
          30          32   1.4379309727920202     
          32          33  0.97138362372401066     
          28          34  0.11094939115553626     
          32          34   1.4392831628677891     
          34          35  0.97093833747915981     
          27          36   1.4123175599394535     
          30          36  0.11087433646752498     
          34          36   1.4440940078282165     
          36          37  0.96728988095261603     
