   -0.37902350
    0.35583253
   -0.37252006
    0.35089667
   -0.04270606
    0.07835723
    0.10999575
   -0.17585196
    0.19923394
    0.27031437
   -0.41491030
   -0.02629957
    0.06590513
    0.07901343
   -0.15644592
    0.20949294
    0.26448619
   -0.48473106
    0.02803970
   -0.35593964
    0.15368046
    0.15223746
    0.06015761
   -0.07132246
    0.06425783
    0.04070984
    0.00951875
   -0.04158094
    0.02639357
   -0.03218485
    0.03064389
   -0.03228479
    0.03172962
   -0.02996624
    0.03203679
   -0.03947506
    0.04230870
