           1           2   1.7705123097850879     
           1           3  0.17313828241168905     
           2           3   1.1765149570173594     
           3           4  0.79859470182090275     
           2           5  0.93827025157579858     
           5           6  0.94908832566068413     
           5           7  0.94400206703389289     
           5           8   1.0044416950097621     
           8           9  0.91854741904305481     
           8          10   1.2600958183022934     
           8          11  0.20613067767952548     
          10          11   1.7041821802850692     
          10          12  0.92863364264646531     
          12          13  0.96412436238968191     
          12          14  0.97123056122418094     
          12          15  0.98820812168300509     
          15          16  0.91112447351586923     
          15          17   1.3212906556109751     
          15          18  0.18390431022878118     
          17          18   1.5824183186607765     
          17          19  0.95074877780621569     
          19          20   1.0240812743392533     
          20          21  0.96122500813075473     
          20          22  0.95303395848790484     
          19          23  0.94412847238881659     
          19          24  0.95165694085894703     
          24          25  0.96703245671341331     
          24          26  0.97264450968792970     
          24          27   1.0156242632003358     
          27          28   1.4113170979372909     
          28          29  0.96869548302886677     
          28          30   1.4388062572972187     
          30          31  0.97121558842095090     
          27          32  0.10892328305865322     
          30          32   1.4429864974756008     
          32          33  0.97141303687001734     
          28          34  0.10942968784781983     
          32          34   1.4340223004929984     
          34          35  0.97104514716195989     
          27          36   1.4066577507367721     
          30          36  0.11221010477589101     
          34          36   1.4504764755686990     
          36          37  0.96791905546074841     
