   -0.37178825
    0.35786759
   -0.37365540
    0.36233124
   -0.03740234
    0.07342039
    0.08047951
   -0.17045271
    0.22629558
    0.26686361
   -0.45197824
   -0.02341006
    0.08180844
    0.07848304
   -0.18075117
    0.18175882
    0.25786719
   -0.44878080
    0.03400061
   -0.33341474
    0.16149646
    0.14525893
    0.03661075
   -0.07264537
    0.06571871
    0.05289856
    0.00356428
   -0.04584805
    0.02998116
   -0.03127202
    0.03486139
   -0.02869211
    0.04058987
   -0.02540644
    0.03543675
   -0.04102784
    0.02893266
