           1           2   1.7790791838178184     
           1           3  0.18194959031915750     
           2           3   1.1947409451470434     
           3           4  0.77825801197108080     
           2           5  0.92483119238611933     
           5           6  0.95016938768286108     
           5           7  0.97385601256543897     
           5           8  0.98967729913296643     
           8           9  0.89005456289422158     
           8          10   1.3261799704315187     
           8          11  0.20420129943584872     
          10          11   1.6109555665569297     
          10          12  0.94372484534598744     
          12          13  0.95620189690148116     
          12          14  0.97141344121537010     
          12          15  0.98900565596120249     
          15          16  0.92971361243343853     
          15          17   1.2635587663506314     
          15          18  0.18674366631305722     
          17          18   1.6494985523726708     
          17          19  0.93731899807240837     
          19          20   1.0306289007489065     
          20          21  0.95553976638757621     
          20          22  0.96318586104168147     
          19          23  0.95959517498398639     
          19          24  0.95171721991799096     
          24          25  0.96216723405006421     
          24          26  0.97328637769423909     
          24          27   1.0143354444384345     
          27          28   1.4023377479051180     
          28          29  0.96904268930694948     
          28          30   1.4471700457539423     
          30          31  0.97085470530497164     
          27          32  0.11009480615334913     
          30          32   1.4355546743952929     
          32          33  0.97086385699554412     
          28          34  0.11099486859766274     
          32          34   1.4404082072355702     
          34          35  0.96927943863063970     
          27          36   1.4142133837255761     
          30          36  0.10971797981634047     
          34          36   1.4427115997394733     
          36          37  0.96812396356826746     
