   -0.37136684
    0.35868726
   -0.37561914
    0.36499898
   -0.03653907
    0.07532221
    0.07157987
   -0.16866207
    0.18711890
    0.27260377
   -0.44876508
    0.03292876
    0.03975792
   -0.33980240
    0.14732828
    0.16388891
   -0.06497872
    0.04398996
    0.04473257
   -0.03977975
   -0.00808341
    0.03459966
   -0.10517069
    0.16122814
    0.04308756
   -0.05285654
    0.02722502
   -0.03566802
    0.03246075
   -0.04189930
    0.03004691
   -0.04236583
    0.02559454
   -0.02562313
