           1           2   1.2027201367821652     
           1           3  0.18350882859555911     
           2           3   1.7741373332270880     
           1           4  0.77120874147623564     
           2           5  0.92445960094627222     
           5           6  0.97463853153010527     
           5           7  0.95323492225710327     
           5           8  0.98766586215442154     
           8           9  0.93262793860994098     
           8          10   1.2887928636951549     
           8          11  0.18790418114912394     
          10          11   1.6177869803713505     
          10          12  0.95643961691307100     
          12          13  0.95674768855757186     
          12          14   1.0310889014360549     
          14          15  0.96199833921253108     
          14          16  0.95390919174505573     
          12          17  0.93525052973821532     
          17          18  0.97510255982983773     
          17          19  0.96535646463587388     
          17          20   1.0191651550178413     
          20          21   1.5813903046497773     
          21          22  0.96948760135372058     
          21          23   1.1949639539208243     
          23          24  0.94627198392126632     
          23          25   1.1775642891566356     
          25          26   1.3375845957577819     
          26          27  0.96835423178835778     
          26          28   1.4950735299399840     
          28          29  0.97179329480262022     
          28          30   1.3703363425098580     
          30          31  0.97159740938540262     
          26          32  0.11355732377549009     
          30          32   1.5053309498191096     
          32          33  0.96802050476367685     
          20          34   1.2001021085086383     
          25          34   1.2471089950738699     
          32          34   1.3286320519677757     
