   -0.37337395
    0.35733900
   -0.37497673
    0.36374726
   -0.03610225
    0.07388696
    0.07413747
   -0.17217632
    0.17914206
    0.26061536
   -0.45174769
    0.03396255
    0.03809001
   -0.33452389
    0.16533860
    0.14601703
   -0.06590431
    0.06895248
    0.03053331
   -0.03239768
   -0.00990980
    0.02127290
   -0.10383736
    0.15853287
    0.04552517
   -0.05245583
    0.02392468
   -0.03506342
    0.02922199
   -0.04081889
    0.02848047
   -0.03874886
    0.03967186
   -0.01635504
