           1           2   1.1990767746516262     
           1           3  0.18304994076055980     
           2           3   1.7757801130069422     
           1           4  0.77321539509628745     
           2           5  0.92461044426826722     
           5           6  0.97468683389244470     
           5           7  0.95430360357644750     
           5           8  0.98682227135667233     
           8           9  0.94047014542517959     
           8          10   1.2763163504551804     
           8          11  0.18536040415535690     
          10          11   1.6253488763405273     
          10          12  0.93931554852350307     
          12          13  0.95224125299980489     
          12          14   1.0369390949200099     
          14          15  0.95065326671915851     
          14          16  0.96195204931448619     
          12          17  0.95362803117556927     
          17          18  0.96633389913266021     
          17          19  0.97307996980335854     
          17          20   1.0168378983372186     
          20          21   1.5805496130577232     
          21          22  0.96969719017182876     
          21          23   1.1956395005489933     
          23          24  0.94715654523608228     
          23          25   1.1753469993273888     
          25          26   1.3362657704589582     
          26          27  0.96855368264821085     
          26          28   1.4958858065379745     
          28          29  0.97198891520298003     
          28          30   1.3696757599979876     
          30          31  0.97165953772049352     
          26          32  0.11445138375153754     
          30          32   1.5073287353271003     
          32          33  0.96680883378776816     
          20          34   1.2035287958023657     
          25          34   1.2505421103989760     
          32          34   1.3271212295014401     
