   -0.37314851
    0.35666964
   -0.37731978
    0.36187729
   -0.03909142
    0.07760857
    0.08225844
   -0.17367973
    0.22944249
    0.26780738
   -0.45395120
   -0.02621175
    0.08160075
    0.07952152
   -0.16928102
    0.20572570
    0.26145681
   -0.45204795
    0.02871976
   -0.35558767
    0.15408660
    0.15024585
    0.05552181
   -0.07087417
    0.04176241
    0.06458794
    0.01032985
   -0.03933936
    0.03097686
   -0.02971157
    0.03138319
   -0.03242774
    0.03097078
   -0.03086530
    0.03134385
   -0.03918228
    0.02882196
