           1           2   1.7802965274743612     
           1           3  0.18043689590317796     
           2           3   1.1871570514392946     
           3           4  0.78386999802318091     
           2           5  0.92752261078406573     
           5           6  0.95440584130090711     
           5           7  0.97296340707418705     
           5           8  0.98991658865316179     
           8           9  0.88283871943330339     
           8          10   1.3249328555445312     
           8          11  0.20382983044063518     
          10          11   1.6125239476451307     
          10          12  0.94179554528007836     
          12          13  0.97109730036499542     
          12          14  0.95777174787525621     
          12          15  0.99110658074394420     
          15          16  0.91478786924640054     
          15          17   1.2893960349090692     
          15          18  0.19214579473257939     
          17          18   1.6350113720645536     
          17          19  0.94526844194895587     
          19          20   1.0188248811403953     
          20          21  0.95906069882649914     
          20          22  0.96145645762780330     
          19          23  0.94411778095732957     
          19          24  0.96026045603337840     
          24          25  0.97299346064622361     
          24          26  0.96402389007160638     
          24          27   1.0138640062482283     
          27          28   1.4060780102749062     
          28          29  0.96931719944023143     
          28          30   1.4511960672194684     
          30          31  0.97112246723818230     
          27          32  0.10912987345094489     
          30          32   1.4336390976115057     
          32          33  0.97148982872721146     
          28          34  0.11198062858223942     
          32          34   1.4429038185073693     
          34          35  0.97118200318625658     
          27          36   1.4148977092121930     
          30          36  0.10988542730968115     
          34          36   1.4401602749164530     
          36          37  0.96904722101649443     
