   -0.37558314
    0.35808065
   -0.37737780
    0.36452059
   -0.03883389
    0.07297160
    0.07756578
   -0.16407564
    0.20628850
    0.26350570
   -0.46119319
    0.02826711
    0.05438665
   -0.35783427
    0.15658282
    0.15149350
   -0.06462977
    0.04081610
    0.05858395
   -0.03447634
   -0.00693998
    0.04338024
   -0.10455880
    0.15909451
    0.04259146
   -0.05265345
    0.02406692
   -0.03649044
    0.02879176
   -0.04259709
    0.02625590
   -0.03986184
    0.02241927
   -0.02255737
