           1           2   1.2015511754285257     
           1           3  0.18302213118104349     
           2           3   1.7734102069080711     
           1           4  0.76711037645539404     
           2           5  0.92410823715374746     
           5           6  0.95256036465696714     
           5           7  0.97392504511031319     
           5           8  0.99145338738602018     
           8           9  0.91209934795524816     
           8          10   1.3125111011006232     
           8          11  0.19171006227719231     
          10          11   1.6003162902239945     
          10          12  0.95073282243071888     
          12          13  0.94560503723911993     
          12          14   1.0217396965793228     
          14          15  0.95257046485224761     
          14          16  0.96150710864670585     
          12          17  0.95524370136340697     
          17          18  0.97135998991358796     
          17          19  0.96862619887775159     
          17          20   1.0186547979452201     
          20          21   1.5789808829529219     
          21          22  0.96862727226549739     
          21          23   1.1985742730000666     
          23          24  0.94679971241179373     
          23          25   1.1779718452342012     
          25          26   1.3388122693824747     
          26          27  0.96849429322538394     
          26          28   1.4939891531995655     
          28          29  0.97203699131126420     
          28          30   1.3701233228224230     
          30          31  0.97183483878082466     
          26          32  0.11293212369840042     
          30          32   1.5053291137697924     
          32          33  0.96820734858435076     
          20          34   1.2039728975418571     
          25          34   1.2434040399494266     
          32          34   1.3275403381375188     
