   -0.37873308
    0.35892664
   -0.38267314
    0.36686754
   -0.03929698
    0.07753172
    0.07441981
   -0.16041533
    0.20186449
    0.26971472
   -0.45449695
    0.03209880
    0.03722055
   -0.35374862
    0.14277759
    0.15110079
   -0.06323833
    0.04516713
    0.04717565
   -0.04026507
   -0.00789579
    0.02949970
   -0.09541146
    0.16996619
    0.04693497
   -0.05059778
    0.02656962
   -0.03567558
    0.02792553
   -0.04074409
    0.02538135
   -0.03451693
    0.02224670
   -0.01568038
