           1           2   1.2017876474534954     
           1           3  0.18206053206857351     
           2           3   1.7687253119078377     
           1           4  0.76459498278851323     
           2           5  0.92652813789715882     
           5           6  0.97461003048808070     
           5           7  0.95399287580476377     
           5           8  0.99051906731285244     
           8           9  0.92587434442196515     
           8          10   1.2996699095582942     
           8          11  0.19147606317206234     
          10          11   1.6137623185684296     
          10          12  0.94976131538321595     
          12          13  0.95871075967836306     
          12          14   1.0111706152112931     
          14          15  0.96520409917083116     
          14          16  0.96132468561851125     
          12          17  0.95660478380336433     
          17          18  0.97259023358443808     
          17          19  0.96915955197295933     
          17          20   1.0127308375394435     
          20          21   1.5732814934200201     
          21          22  0.96909985327213533     
          21          23   1.2071765713957618     
          23          24  0.94316083823293162     
          23          25   1.1801997741679757     
          25          26   1.3367373340415369     
          26          27  0.96845063887831173     
          26          28   1.4958234533181549     
          28          29  0.97209554525379416     
          28          30   1.3698281078530397     
          30          31  0.97191491111915562     
          26          32  0.11373680772228759     
          30          32   1.5061888461124473     
          32          33  0.96911079320987048     
          20          34   1.2063648911135840     
          25          34   1.2471223544511052     
          32          34   1.3302594676932433     
