   -0.37859817
    0.35597743
   -0.37941393
    0.35352337
   -0.04150405
    0.10930609
    0.07793852
   -0.17731973
    0.20057166
    0.27030311
   -0.41634742
   -0.02699690
    0.07975311
    0.06686615
   -0.15887534
    0.20904871
    0.26404142
   -0.47554761
    0.02693337
   -0.35547739
    0.15087643
    0.15279659
    0.05832220
   -0.06791607
    0.04010237
    0.04832672
    0.01566817
   -0.03479508
    0.05220744
   -0.02796133
    0.03382591
   -0.03229003
    0.02938554
   -0.03095616
    0.02775110
   -0.04027697
    0.02075079
