           1           2   1.7735520550068149     
           1           3  0.17201442626058200     
           2           3   1.1716597825597614     
           3           4  0.79280598941638447     
           2           5  0.93792203694235721     
           5           6  0.94553028753324209     
           5           7  0.94922555503526873     
           5           8   1.0049607938792542     
           8           9  0.91770942930584076     
           8          10   1.2590452342824459     
           8          11  0.20532768388554418     
          10          11   1.7035854283515044     
          10          12  0.92943338083179017     
          12          13  0.97106688557481458     
          12          14  0.96409426120222075     
          12          15  0.98811248696004772     
          15          16  0.91342749962357017     
          15          17   1.3134042597559741     
          15          18  0.18589603968957136     
          17          18   1.5941373323106967     
          17          19  0.95013587621305562     
          19          20   1.0147382624030497     
          20          21  0.96271526107924976     
          20          22  0.96124199634799823     
          19          23  0.94063190824494181     
          19          24  0.96756419681959371     
          24          25  0.96459608442130629     
          24          26  0.97418619967714792     
          24          27   1.0082681438181296     
          27          28   1.4160601445768848     
          28          29  0.96436888600951243     
          28          30   1.4423749764937543     
          30          31  0.97097505524515726     
          27          32  0.10975051397295629     
          30          32   1.4410981258998765     
          32          33  0.97154159717793598     
          28          34  0.11088100794172552     
          32          34   1.4357514817960970     
          34          35  0.97141253718637188     
          27          36   1.4105862495086876     
          30          36  0.11117565191834861     
          34          36   1.4480101083722798     
          36          37  0.96833115802651037     
