           2           7  0.20135858980359236     
           3           8  0.19053540343420147     
           4           9  0.18726172987063736     
           5          10  0.20231456022315672     
           6          11  0.19935971516010825     
           1          12  0.19536689082503250     
           1          13   1.5906767439733924     
          12          13   1.3104547119782721     
           7          14  0.98165144546705929     
          13          14  0.94111173915680757     
          14          15  0.97605997331836636     
          15          16   1.0033472600531734     
           7          17  0.97491786853918194     
          16          17   1.0070859026387384     
           2          18   1.6684163629130684     
           7          18   1.2679183831967897     
           8          19  0.96481281395817786     
          18          19  0.92785877842837050     
          19          20   1.0002905443620900     
           3          21   1.6430261768253864     
           8          21   1.2920090288136690     
           9          22  0.99608195547526512     
          21          22  0.92427556235488861     
          22          23  0.99825852632642076     
           4          24   1.7101656034157522     
           9          24   1.2288151360387196     
          10          25  0.97871529440008243     
          24          25  0.92912116948325973     
          25          26  0.99718131196182003     
           5          27   1.6300217179920431     
          10          27   1.3208072416158734     
          11          28  0.97310314005543785     
          27          28  0.92419888110062420     
          28          29  0.99216673442232373     
           6          30   1.6355894075670754     
          11          30   1.3110460936989965     
          12          31  0.95934897872174918     
          30          31  0.92226040847301360     
          31          32  0.99836616378871756     
          32          33   1.0044672750030657     
          12          34  0.97747380012609741     
          33          34   1.0034659138471222     
          14          35  0.94546791590561963     
          15          36  0.97561630019765821     
          15          37  0.97816741563803977     
          16          38  0.97879116017627599     
          16          39  0.97659895666638163     
          17          40  0.96619650869659768     
          17          41  0.96625189234380171     
           8          42  0.93124550964799302     
          19          43  0.94682385777010780     
          20          44  0.98104963627322794     
          20          45  0.97702391325014670     
          20          46  0.98246958190257550     
           9          47  0.92852166320183960     
          22          48  0.93967013196641092     
          23          49  0.98138497478309028     
          23          50  0.98529760017030155     
          23          51  0.98234370351761047     
          10          52  0.87687332843577459     
          25          53  0.95396269513432286     
          26          54  0.98473030218689206     
          26          55  0.98411987577816229     
          26          56  0.98122593226351484     
          11          57  0.89644614052866589     
          28          58  0.96498264517244059     
          29          59  0.98375946984096685     
          29          60  0.98371527452032226     
          29          61  0.97960691291821023     
          31          62  0.95235212731853980     
          32          63  0.97805005662780309     
          32          64  0.97127161154944874     
          33          65  0.97830323730131996     
          33          66  0.97469351224168554     
          34          67  0.95939074460092433     
          34          68  0.96616367020404492     
