   -0.37886521
    0.35979533
   -0.37494879
    0.36419224
   -0.03825366
    0.08283282
    0.07445668
   -0.16929005
    0.22825188
    0.26741479
   -0.45207341
   -0.02238361
    0.07956159
    0.07881918
   -0.17862837
    0.17818535
    0.25954538
   -0.44726570
    0.03448590
   -0.33316551
    0.16416661
    0.14316664
    0.03460646
   -0.06880810
    0.03342312
    0.06315711
    0.01112450
   -0.03617908
    0.01419481
   -0.03366341
    0.05606516
   -0.02987502
    0.03434593
   -0.03009525
    0.03111462
   -0.03887902
    0.03946807
