           1           2   1.7657699345311293     
           1           3  0.18119485861039517     
           2           3   1.2019391381220088     
           3           4  0.76936270300972132     
           2           5  0.92733520165591343     
           5           6  0.97328477128733459     
           5           7  0.95073363309201575     
           5           8  0.98933790732706950     
           8           9  0.88536048129729517     
           8          10   1.3323606054278128     
           8          11  0.20451026788134144     
          10          11   1.6057370513205131     
          10          12  0.94477345908458521     
          12          13  0.95362171137094842     
          12          14  0.97147631803438883     
          12          15  0.99023314684192898     
          15          16  0.94081753149358405     
          15          17   1.2574889338566884     
          15          18  0.18652265094373538     
          17          18   1.6512439991771428     
          17          19  0.93834867707576020     
          19          20   1.0327764497065481     
          20          21  0.94999846121171050     
          20          22  0.96344786720109621     
          19          23  0.95694946299529882     
          19          24  0.95236394937538260     
          24          25  0.97316256189490491     
          24          26  0.96773073384227126     
          24          27   1.0117031539936767     
          27          28   1.4154898191159466     
          28          29  0.96874340209066689     
          28          30   1.4433193559904123     
          30          31  0.96380095286155687     
          27          32  0.10954958011822384     
          30          32   1.4387875409378377     
          32          33  0.97122866723738421     
          28          34  0.11053312596231581     
          32          34   1.4387906916813646     
          34          35  0.97105466248712424     
          27          36   1.4090594712522473     
          30          36  0.11167294238955540     
          34          36   1.4448357748796570     
          36          37  0.96783692021944512     
