   -0.37173748
    0.35817017
   -0.37309160
    0.36229972
   -0.03859001
    0.08148460
    0.07269470
   -0.17118164
    0.22842819
    0.26798973
   -0.45135269
   -0.02172244
    0.07813718
    0.07791139
   -0.17710660
    0.18027005
    0.25746013
   -0.44817900
    0.03468383
   -0.33382389
    0.16179910
    0.14439844
    0.03609773
   -0.07269495
    0.06753569
    0.05226070
    0.00471807
   -0.03963194
    0.03212865
   -0.03101701
    0.03560340
   -0.03290113
    0.03561682
   -0.03143669
    0.03504644
   -0.04342896
    0.03316131
