           1           2   1.7791555909097956     
           1           3  0.18196030897650239     
           2           3   1.1948687649153928     
           3           4  0.77894555786348774     
           2           5  0.92458547115795953     
           5           6  0.97358509599004261     
           5           7  0.95268346838284568     
           5           8  0.99042174553854634     
           8           9  0.88416030390286571     
           8          10   1.3290588084300576     
           8          11  0.20556421360995414     
          10          11   1.6108724695489147     
          10          12  0.94436040520391595     
          12          13  0.97211872483831430     
          12          14  0.95450273485081549     
          12          15  0.98745394268562015     
          15          16  0.93645362400345289     
          15          17   1.2674015305051638     
          15          18  0.18802477561491154     
          17          18   1.6449709839264237     
          17          19  0.93890302677440018     
          19          20   1.0313392022616872     
          20          21  0.95590136816795701     
          20          22  0.96328217337969146     
          19          23  0.95800276293248077     
          19          24  0.95022940230044795     
          24          25  0.96302034165252270     
          24          26  0.97318663521080695     
          24          27   1.0148760697587191     
          27          28   1.4118233210322446     
          28          29  0.96892728952010665     
          28          30   1.4438445063573051     
          30          31  0.97082579148874693     
          27          32  0.10975309452073975     
          30          32   1.4400360184389127     
          32          33  0.97119454764832336     
          28          34  0.11050354752782188     
          32          34   1.4358848839391791     
          34          35  0.97087088033999080     
          27          36   1.4066088272760229     
          30          36  0.11105203835400188     
          34          36   1.4481668975973312     
          36          37  0.96918861534004641     
