           2           7  0.19480527522914906     
           3           8  0.20435202479432160     
           4           9  0.19439079063734849     
           5          10  0.19741218340716848     
           6          11  0.19616100406740991     
           1          12  0.19539553844484803     
           1          13   1.6483183639731325     
          12          13   1.2700022325129638     
           7          14  0.96082341736117538     
          13          14  0.93687331355321812     
          14          15  0.98298417436409902     
          15          16   1.0032406597352952     
           7          17  0.97949615108488386     
          16          17   1.0057668655291099     
           2          18   1.6049370528716944     
           7          18   1.3016588899103514     
           8          19  0.97667765440121568     
          18          19  0.93322569962461177     
          19          20   1.0023109140134552     
           3          21   1.6480385977453746     
           8          21   1.3084667301070938     
           9          22  0.99070361223099812     
          21          22  0.91701689317557367     
          22          23  0.99988423656887349     
           4          24   1.6990506226138595     
           9          24   1.2401380865010581     
          10          25  0.97448422454214956     
          24          25  0.93132374464484347     
          25          26  0.99854011498529027     
           5          27   1.6121036915588693     
          10          27   1.3214102056765122     
          11          28  0.97308166844251365     
          27          28  0.92843777674919770     
          28          29   1.0078883985270102     
           6          30   1.6571029704052584     
          11          30   1.2836206560490575     
          12          31  0.96886233310271008     
          30          31  0.93154029650572490     
          31          32  0.98129396058744822     
          32          33   1.0054647191947796     
          12          34  0.97900508080627824     
          33          34   1.0027851832928707     
          14          35  0.95790010793965474     
          15          36  0.97900457754487002     
          15          37  0.97443565325453019     
          16          38  0.97857201683193473     
          16          39  0.97614937736105212     
          17          40  0.95985256918730577     
          17          41  0.96295732636866516     
           8          42  0.85643159977529970     
          19          43  0.94897177197810456     
          20          44  0.98338904343744094     
          20          45  0.97586442513455440     
          20          46  0.98547433995269351     
           9          47  0.92654538700829958     
          22          48  0.94400206522386454     
          23          49  0.98438608499897429     
          23          50  0.98553498077504886     
          23          51  0.97827054838094851     
          10          52  0.91423433504245000     
          25          53  0.95242337850478320     
          26          54  0.98396601567614705     
          26          55  0.98328718332628473     
          26          56  0.98059476809583523     
          11          57  0.90029231222981176     
          28          58  0.95022003451907977     
          29          59  0.98030206707576129     
          29          60  0.98570275210242009     
          29          61  0.98144502084603491     
          31          62  0.95455854846561128     
          32          63  0.97669505299111303     
          32          64  0.97562983914898227     
          33          65  0.97707063900152247     
          33          66  0.97720869193470339     
          34          67  0.96448068712500779     
          34          68  0.96871256476694700     
