           1           2   1.7764683963178562     
           1           3  0.18098415284074626     
           2           3   1.1934289914449405     
           3           4  0.77155562360353069     
           2           5  0.92617501065937169     
           5           6  0.97362025516892325     
           5           7  0.95367969985894430     
           5           8  0.98928933750533321     
           8           9  0.88175906659739722     
           8          10   1.3290240545678733     
           8          11  0.20407540943227961     
          10          11   1.6093588581836109     
          10          12  0.94350753513388241     
          12          13  0.95611321780760383     
          12          14  0.97158569108815640     
          12          15  0.98963202504716119     
          15          16  0.92845532577577339     
          15          17   1.2663423720667328     
          15          18  0.18546657856237914     
          17          18   1.6407080474814451     
          17          19  0.93955034877218158     
          19          20   1.0310640791700643     
          20          21  0.95639609776397128     
          20          22  0.96304779214235403     
          19          23  0.95730361590170476     
          19          24  0.95231471379154597     
          24          25  0.96119310594634844     
          24          26  0.97364965714277230     
          24          27   1.0137781747373718     
          27          28   1.4009488571417146     
          28          29  0.96906170566686534     
          28          30   1.4477390578298861     
          30          31  0.97100884529574483     
          27          32  0.10940469689905168     
          30          32   1.4351195985362375     
          32          33  0.97103357215953556     
          28          34  0.11155879043082151     
          32          34   1.4411643862266625     
          34          35  0.96634342263032125     
          27          36   1.4144045978696989     
          30          36  0.11002980484851273     
          34          36   1.4417764341602040     
          36          37  0.96774601480070854     
