           2           7  0.19525139234193578     
           3           8  0.20338963913865959     
           4           9  0.19338082044023741     
           5          10  0.19862188844672760     
           6          11  0.19325121886339325     
           1          12  0.19511597641205586     
           1          13   1.6572955181027345     
          12          13   1.2621903983422988     
           7          14  0.96858963733931724     
          13          14  0.93315323263156202     
          14          15  0.98067119618699827     
          15          16   1.0045353822109153     
           7          17  0.97704605679687462     
          16          17   1.0041721772941248     
           2          18   1.6118796385422605     
           7          18   1.2996884387319567     
           8          19  0.97598898220460339     
          18          19  0.93095299011609189     
          19          20   1.0006848817073901     
           3          21   1.6244702300291742     
           8          21   1.3236135784600260     
           9          22  0.99196867841205805     
          21          22  0.92132718286788151     
          22          23  0.99706759576637283     
           4          24   1.6994473614136705     
           9          24   1.2385274349531368     
          10          25  0.97530154758311116     
          24          25  0.93240526537268797     
          25          26  0.99822058441326855     
           5          27   1.6126715182788172     
          10          27   1.3255068415758333     
          11          28  0.97161348365616951     
          27          28  0.92596976251489482     
          28          29   1.0090858503642124     
           6          30   1.6439864306627587     
          11          30   1.2905373426526798     
          12          31  0.96553958987322597     
          30          31  0.93810811055344734     
          31          32  0.98000875665457077     
          32          33   1.0039094314566381     
          12          34  0.98117603884904925     
          33          34   1.0033056916376071     
          14          35  0.95723659275306083     
          15          36  0.97816986179704335     
          15          37  0.97752975128232622     
          16          38  0.97653700879697758     
          16          39  0.97674939201138911     
          17          40  0.96556595658480848     
          17          41  0.94725804157369753     
           8          42  0.85574871025398747     
          19          43  0.95612895369671724     
          20          44  0.98534275676441885     
          20          45  0.98394319000996311     
          20          46  0.97678882996858940     
           9          47  0.92715488633361098     
          22          48  0.94393351610755449     
          23          49  0.98535281362549121     
          23          50  0.97872364837201575     
          23          51  0.98471049286309076     
          10          52  0.89962365215542828     
          25          53  0.95222984196907579     
          26          54  0.98435161359767165     
          26          55  0.98335103497616205     
          26          56  0.98083740017280596     
          11          57  0.90103969357593072     
          28          58  0.95242156083121376     
          29          59  0.98160775449026827     
          29          60  0.97925489181939818     
          29          61  0.98577420562615625     
          31          62  0.95473080619190320     
          32          63  0.97706227697136960     
          32          64  0.97641182476256572     
          33          65  0.97895567369896030     
          33          66  0.97674617288631183     
          34          67  0.96573843069615217     
          34          68  0.97117089096287035     
