   -0.37658721
    0.35859476
   -0.37799983
    0.36468984
   -0.03823425
    0.08185664
    0.07316466
   -0.17403857
    0.23143702
    0.26707474
   -0.45183305
   -0.02499828
    0.08228881
    0.08040248
   -0.17440052
    0.18411119
    0.27041519
   -0.44178603
    0.03272325
   -0.33926615
    0.14723168
    0.16578726
    0.03843554
   -0.07194414
    0.04693526
    0.04507347
   -0.00021111
   -0.04697587
    0.02623251
   -0.03294467
    0.03148581
   -0.03130646
    0.03701755
   -0.03037165
    0.05575876
   -0.03926088
    0.03144224
