           1           2   1.7756028157415902     
           1           3  0.18085945063140971     
           2           3   1.1938415280406771     
           3           4  0.77010424318670168     
           2           5  0.92647347356946219     
           5           6  0.97355931615265556     
           5           7  0.95334116167289973     
           5           8  0.98946301712569773     
           8           9  0.87665910762133648     
           8          10   1.3319800848714314     
           8          11  0.20463581794563576     
          10          11   1.6084996303253207     
          10          12  0.94286765758810187     
          12          13  0.95516989529231111     
          12          14  0.97161204690189595     
          12          15  0.99055531048303458     
          15          16  0.93152244345624036     
          15          17   1.2715309921548750     
          15          18  0.18697725065942986     
          17          18   1.6408539015333525     
          17          19  0.95321252926467714     
          19          20   1.0330174763594375     
          20          21  0.96158214647956308     
          20          22  0.95180581947359300     
          19          23  0.95589616774904385     
          19          24  0.93651801511142108     
          24          25  0.96407612195182768     
          24          26  0.97551414124650926     
          24          27   1.0148185652200765     
          27          28   1.4016712238672429     
          28          29  0.96914871484181242     
          28          30   1.4479485621032684     
          30          31  0.97103897150681640     
          27          32  0.10889980527063703     
          30          32   1.4355131881085390     
          32          33  0.97103441836487736     
          28          34  0.11134411098127105     
          32          34   1.4402847189905494     
          34          35  0.96584136796500064     
          27          36   1.4135206830005811     
          30          36  0.10990016431363599     
          34          36   1.4425514383956459     
          36          37  0.96793602130251166     
