           2           7  0.19470782747156934     
           3           8  0.20415856032334373     
           4           9  0.19404724275562960     
           5          10  0.19798454270316218     
           6          11  0.19329107380762389     
           1          12  0.19649946043815431     
           1          13   1.6432635650372225     
          12          13   1.2755130502338452     
           7          14  0.96307484169491286     
          13          14  0.93600167557336855     
          14          15  0.98273687628992568     
          15          16   1.0030313883399358     
           7          17  0.98071949086303400     
          16          17   1.0055578766976134     
           2          18   1.6119380867479867     
           7          18   1.2962066798340994     
           8          19  0.97766636626986747     
          18          19  0.93296822288073222     
          19          20   1.0024163720340675     
           3          21   1.6446423533341914     
           8          21   1.3107833268621818     
           9          22  0.99085345334474795     
          21          22  0.91722796101034310     
          22          23   1.0001122884304419     
           4          24   1.6995702617154249     
           9          24   1.2389379509964773     
          10          25  0.97537779698187854     
          24          25  0.93176609373549757     
          25          26  0.99823736056145340     
           5          27   1.6062792583803147     
          10          27   1.3286249474424587     
          11          28  0.97397799629218074     
          27          28  0.92856644287225942     
          28          29   1.0078669036622445     
           6          30   1.6591878730849610     
          11          30   1.2764817992720519     
          12          31  0.96275816411018378     
          30          31  0.93576032876527027     
          31          32  0.98239402830769018     
          32          33   1.0037935377787168     
          12          34  0.98006882756167069     
          33          34   1.0036712165350312     
          14          35  0.95754914523109647     
          15          36  0.97901408497307130     
          15          37  0.97552784220549360     
          16          38  0.97859760840952559     
          16          39  0.97633788656526521     
          17          40  0.95876215153039979     
          17          41  0.96294606471384103     
           8          42  0.85367599665478766     
          19          43  0.94836935706133674     
          20          44  0.98321865667207642     
          20          45  0.97617855922446695     
          20          46  0.98559256452750943     
           9          47  0.92663828924654901     
          22          48  0.94408646794166173     
          23          49  0.98556528386867392     
          23          50  0.97824676922215437     
          23          51  0.98436891455194453     
          10          52  0.90821210113723538     
          25          53  0.95210906329069878     
          26          54  0.98425354900985140     
          26          55  0.98335691043799967     
          26          56  0.98050148306744145     
          11          57  0.90502229682890178     
          28          58  0.95029627784467630     
          29          59  0.98146538287275353     
          29          60  0.98053476479907253     
          29          61  0.98574999961055632     
          31          62  0.95578614505864090     
          32          63  0.97715293826067318     
          32          64  0.97571417907821034     
          33          65  0.97912067985402085     
          33          66  0.97682343062863908     
          34          67  0.96516006658401643     
          34          68  0.97025523052049600     
