   -0.37367470
    0.35661310
   -0.37731499
    0.36181511
   -0.03847082
    0.07766546
    0.08153999
   -0.17483324
    0.22945190
    0.26758368
   -0.45421483
   -0.02605421
    0.08123450
    0.07922557
   -0.17244693
    0.20399832
    0.26383940
   -0.44353436
    0.02769180
   -0.35483706
    0.15217133
    0.14968517
    0.05506380
   -0.06492610
    0.03834282
    0.04575726
    0.01462005
   -0.02840059
    0.04276188
   -0.02839531
    0.03251326
   -0.03241143
    0.02948717
   -0.03120315
    0.02820668
   -0.04093277
    0.02238224
