           1           2   1.7798671070634573     
           1           3  0.18031219851959041     
           2           3   1.1868533517888076     
           3           4  0.78460356863881209     
           2           5  0.92773328973562030     
           5           6  0.95459003475735127     
           5           7  0.97293466450883115     
           5           8  0.99005841418714158     
           8           9  0.88201459805642723     
           8          10   1.3232131174268587     
           8          11  0.20328611096296650     
          10          11   1.6131792493295414     
          10          12  0.94199718037292512     
          12          13  0.97090772056799179     
          12          14  0.95853906636721542     
          12          15  0.99137676360451998     
          15          16  0.91732608193259324     
          15          17   1.2803732768343807     
          15          18  0.19232719686419106     
          17          18   1.6464803976428286     
          17          19  0.94576919079347155     
          19          20   1.0139590802343312     
          20          21  0.96135815080497877     
          20          22  0.96339910596054257     
          19          23  0.94393621329399535     
          19          24  0.96732116804140988     
          24          25  0.96637026458265840     
          24          26  0.97495631771644398     
          24          27   1.0091628649762812     
          27          28   1.4165472336977114     
          28          29  0.96799764844968705     
          28          30   1.4424678559417021     
          30          31  0.97108007355709858     
          27          32  0.10981192255020961     
          30          32   1.4408247106164493     
          32          33  0.97156760679153453     
          28          34  0.11070918017147499     
          32          34   1.4358785615080905     
          34          35  0.97136443685417129     
          27          36   1.4100391415167015     
          30          36  0.11125324775832326     
          34          36   1.4481622192640411     
          36          37  0.96911973216528802     
