           2           7  0.19462580883968342     
           3           8  0.20255025946974659     
           4           9  0.19370262630639759     
           5          10  0.19755073855438984     
           6          11  0.19360550711982416     
           1          12  0.19212263876348878     
           1          13   1.6538084483511881     
          12          13   1.2610455060520758     
           7          14  0.96247455018220751     
          13          14  0.93683785419165100     
          14          15  0.98277171486809212     
          15          16   1.0037369677069070     
           7          17  0.97371330415731605     
          16          17   1.0045409922370787     
           2          18   1.5983801581550354     
           7          18   1.3080380904719526     
           8          19  0.97445874762886897     
          18          19  0.93150200155754415     
          19          20   1.0020741849117822     
           3          21   1.6359063794626165     
           8          21   1.3149257332524340     
           9          22  0.99221601513324864     
          21          22  0.92030788729781354     
          22          23  0.99694382554779948     
           4          24   1.6982497419688407     
           9          24   1.2394417193233340     
          10          25  0.97419265888790585     
          24          25  0.93268250584053169     
          25          26  0.99833326068048311     
           5          27   1.6168383265490576     
          10          27   1.3185371749027552     
          11          28  0.97033814253680351     
          27          28  0.92639578287306534     
          28          29   1.0090729368097811     
           6          30   1.6469180283691247     
          11          30   1.2911211417795365     
          12          31  0.97048499438552815     
          30          31  0.93276948598059028     
          31          32  0.98017746988237131     
          32          33   1.0056762060090056     
          12          34  0.97967441014203993     
          33          34   1.0028034512667530     
          14          35  0.95647714598610101     
          15          36  0.97833269973925474     
          15          37  0.97349528740423574     
          16          38  0.97987280430663315     
          16          39  0.97677155596883758     
          17          40  0.96775073397919065     
          17          41  0.95247983851408036     
           8          42  0.85962488395422432     
          19          43  0.95524674764512807     
          20          44  0.97604009724533736     
          20          45  0.98511020723269416     
          20          46  0.98413803613803530     
           9          47  0.92725469275054306     
          22          48  0.94298678595441232     
          23          49  0.98549291491787017     
          23          50  0.97868253781356185     
          23          51  0.98470914682517896     
          10          52  0.90775038844502243     
          25          53  0.95144570465025458     
          26          54  0.98415154135081673     
          26          55  0.98339569708700925     
          26          56  0.98095416099948285     
          11          57  0.89268030432978851     
          28          58  0.95344350845505632     
          29          59  0.98557731546302008     
          29          60  0.98189049180120946     
          29          61  0.97981599396611385     
          31          62  0.95396968888238776     
          32          63  0.97653791824822789     
          32          64  0.97548986260034343     
          33          65  0.97714700149325873     
          33          66  0.97729985154678389     
          34          67  0.96712793837843569     
          34          68  0.96855382575780713     
