           2           7  0.19528689581273079     
           3           8  0.20298944253895967     
           4           9  0.19367902654406471     
           5          10  0.19773355535552292     
           6          11  0.19455956036703381     
           1          12  0.19338395486231535     
           1          13   1.6571996262648370     
          12          13   1.2590893806413195     
           7          14  0.96467726078595850     
          13          14  0.93517685515769655     
          14          15  0.98104575820577444     
          15          16   1.0048286513455538     
           7          17  0.97565979402630432     
          16          17   1.0037484402919750     
           2          18   1.6011200850831715     
           7          18   1.3077997581460155     
           8          19  0.97574231735683770     
          18          19  0.93149687595430175     
          19          20   1.0003260441224839     
           3          21   1.6280429756472319     
           8          21   1.3203629651363382     
           9          22  0.99167858705591150     
          21          22  0.92161359578407642     
          22          23  0.99680751731931161     
           4          24   1.6995094038622696     
           9          24   1.2391501011811537     
          10          25  0.97427267239259696     
          24          25  0.93199473305277891     
          25          26  0.99871798184662008     
           5          27   1.6169829357140750     
          10          27   1.3184517441900030     
          11          28  0.97113122487289394     
          27          28  0.92652785214666578     
          28          29   1.0088986257307937     
           6          30   1.6454909640775399     
          11          30   1.2924100048318383     
          12          31  0.97092021296021247     
          30          31  0.93263845534495660     
          31          32  0.98049973235223709     
          32          33   1.0056882687740143     
          12          34  0.98009109923231130     
          33          34   1.0027941565221943     
          14          35  0.95760913516617163     
          15          36  0.97815756423774336     
          15          37  0.97705690203270956     
          16          38  0.97638026881178419     
          16          39  0.97575734167352690     
          17          40  0.96585303406270329     
          17          41  0.94709795700640165     
           8          42  0.85835198751772923     
          19          43  0.95638254315100479     
          20          44  0.97686643513445037     
          20          45  0.98513113685835174     
          20          46  0.98401262210208018     
           9          47  0.92700481193367323     
          22          48  0.94369628913488646     
          23          49  0.97871847641135323     
          23          50  0.98472571991287516     
          23          51  0.98530105535050150     
          10          52  0.90749682048750691     
          25          53  0.95253850021094699     
          26          54  0.98096317395216204     
          26          55  0.98407442594878736     
          26          56  0.98324781135359374     
          11          57  0.89521669994285291     
          28          58  0.95253827213715636     
          29          59  0.97944745401254618     
          29          60  0.98570801561437338     
          29          61  0.98166326943149518     
          31          62  0.95311743858834452     
          32          63  0.97645182089809968     
          32          64  0.97536160045081399     
          33          65  0.97725824568160558     
          33          66  0.97774097733060250     
          34          67  0.96598561382450310     
          34          68  0.96925904523545692     
