   -0.45259227
   -0.47515834
   -0.46714783
   -0.42448735
   -0.45049183
   -0.45033472
   -0.08472740
   -0.18797966
   -0.19135634
   -0.16518421
   -0.18200552
   -0.10634567
    0.26911745
    0.02597838
   -0.05702388
   -0.05946668
   -0.01191197
    0.26079282
    0.03080959
   -0.11445436
    0.26307352
    0.01940858
   -0.11349167
    0.27879713
    0.03189417
   -0.11339360
    0.27476291
    0.02712062
   -0.11445525
    0.27795693
    0.02181455
   -0.06305477
   -0.06263780
    0.00044139
    0.04433700
    0.04347083
    0.04375282
    0.04942635
    0.06179239
    0.04315164
    0.09658032
    0.23350416
    0.06160602
    0.04790242
    0.04727212
    0.08037951
    0.19401029
    0.05944940
    0.04937029
    0.07609357
    0.04830757
    0.21750127
    0.04923314
    0.04632276
    0.06766168
    0.05935679
    0.21487133
    0.06851705
    0.06304502
    0.07126118
    0.04532912
    0.06747807
    0.05890959
    0.05255307
    0.05081315
    0.05305932
    0.05197614
    0.04743770
