           2           7  0.19525139217693854     
           3           8  0.20338963921478934     
           4           9  0.19338082062250053     
           5          10  0.19862188817987875     
           6          11  0.19325121875133541     
           1          12  0.19511597646158213     
           1          13   1.6572955181198568     
          12          13   1.2621903972539505     
           7          14  0.96858963685586830     
          13          14  0.93315323383644011     
          14          15  0.98067119608962683     
          15          16   1.0045353820680922     
           7          17  0.97704605750242923     
          16          17   1.0041721771732457     
           2          18   1.6118796377230855     
           7          18   1.2996884388063075     
           8          19  0.97598898201688222     
          18          19  0.93095299042299762     
          19          20   1.0006848818617209     
           3          21   1.6244702293384004     
           8          21   1.3236135782977734     
           9          22  0.99196867914932429     
          21          22  0.92132718369336042     
          22          23  0.99706759496132957     
           4          24   1.6994473623343738     
           9          24   1.2385274337293701     
          10          25  0.97530154743255870     
          24          25  0.93240526565787707     
          25          26  0.99822058421977022     
           5          27   1.6126715170312707     
          10          27   1.3255068424487917     
          11          28  0.97161348374751300     
          27          28  0.92596976255339780     
          28          29   1.0090858503392597     
           6          30   1.6439864300542648     
          11          30   1.2905373430552809     
          12          31  0.96553959066392037     
          30          31  0.93810811091772761     
          31          32  0.98000875569502566     
          32          33   1.0039094317157820     
          12          34  0.98117603884937654     
          33          34   1.0033056915181628     
          14          35  0.95723659265870764     
          15          36  0.97816986185705868     
          15          37  0.97752975130902509     
          16          38  0.97653700885985251     
          16          39  0.97674939208412914     
          17          40  0.96556595631646847     
          17          41  0.94725804138720449     
           8          42  0.85574871011649045     
          19          43  0.95612895334805248     
          20          44  0.98534275673652783     
          20          45  0.98394318998413888     
          20          46  0.97678882980589299     
           9          47  0.92715488631749376     
          22          48  0.94393351603668574     
          23          49  0.98535281379672168     
          23          50  0.97872364852580818     
          23          51  0.98471049296537672     
          10          52  0.89962365181763859     
          25          53  0.95222984202091110     
          26          54  0.98435161368009727     
          26          55  0.98335103497298604     
          26          56  0.98083740013320464     
          11          57  0.90103969303773368     
          28          58  0.95242156083562557     
          29          59  0.98160775454943638     
          29          60  0.97925489190831305     
          29          61  0.98577420557654949     
          31          62  0.95473080627996587     
          32          63  0.97706227709958260     
          32          64  0.97641182518844372     
          33          65  0.97895567373005754     
          33          66  0.97674617285148668     
          34          67  0.96573843057906061     
          34          68  0.97117089100478093     
