   -0.37570980
    0.35605782
   -0.37606097
    0.34973808
   -0.04219958
    0.11043961
    0.07904823
   -0.17515902
    0.19873176
    0.27090926
   -0.41448143
   -0.02289829
    0.07658404
    0.06571787
   -0.16127533
    0.18526910
    0.25811312
   -0.48034806
    0.03478875
   -0.33479214
    0.15241825
    0.16102959
    0.03921097
   -0.07280555
    0.06894173
    0.05144642
    0.00438870
   -0.03985606
    0.03066913
   -0.03106978
    0.03420861
   -0.03288301
    0.03509447
   -0.03100154
    0.03574215
   -0.04285747
    0.03485038
