           1           2   1.7756618005486540     
           1           3  0.17227168301838958     
           2           3   1.1714857843790871     
           3           4  0.79896416176463114     
           2           5  0.93758029017084155     
           5           6  0.94440446566265190     
           5           7  0.94950188763885746     
           5           8   1.0043717923356139     
           8           9  0.92006031476930916     
           8          10   1.2589682561660569     
           8          11  0.20586893750369833     
          10          11   1.7045522622613110     
          10          12  0.92984457003234999     
          12          13  0.97177738103731526     
          12          14  0.96473003124306489     
          12          15  0.98344499674244990     
          15          16  0.93524869519837028     
          15          17   1.2988596981885747     
          15          18  0.18109346712453131     
          17          18   1.5935568691218636     
          17          19  0.94168602858914929     
          19          20   1.0327916798529087     
          20          21  0.96050021310557265     
          20          22  0.95622995071009032     
          19          23  0.95711341483520862     
          19          24  0.94897020737836901     
          24          25  0.96281832726532324     
          24          26  0.97332984217219731     
          24          27   1.0150141369435541     
          27          28   1.4122601258428842     
          28          29  0.96905748217785415     
          28          30   1.4433509903932884     
          30          31  0.97092831316393391     
          27          32  0.10972514900808263     
          30          32   1.4404264333941084     
          32          33  0.97123557437431352     
          28          34  0.11036820769465631     
          32          34   1.4355485454950332     
          34          35  0.97082529226959391     
          27          36   1.4067788625486404     
          30          36  0.11121301223800950     
          34          36   1.4487510458172013     
          36          37  0.96906041635037599     
