   -0.37066234
    0.35797723
   -0.36032169
    0.32610167
   -0.03263124
    0.06857694
    0.09718871
   -0.18859410
    0.22137428
    0.27444740
   -0.42270489
   -0.02916538
    0.07948141
    0.07583823
   -0.16714616
    0.20653458
    0.26829346
   -0.45879605
    0.03547949
   -0.35929782
    0.16577964
    0.14875619
    0.03298671
   -0.06838648
    0.04900557
    0.04977266
    0.01437633
   -0.03969510
    0.03372848
   -0.03129511
    0.02994685
   -0.03291405
    0.02968577
   -0.02990706
    0.03085593
   -0.03789584
    0.03322576
