           1           2   1.7898131623595521     
           1           3  0.16278614766945521     
           2           3   1.1310766262528176     
           3           4  0.87223802069329848     
           2           5  0.94848607409385222     
           5           6  0.95405898212827545     
           5           7  0.94248423836717787     
           5           8   1.0147184584779145     
           8           9  0.88935709339510172     
           8          10   1.2452095077717309     
           8          11  0.19533782295767499     
          10          11   1.7064250091718385     
          10          12  0.93709171522074020     
          12          13  0.95901336743245014     
          12          14  0.97137267981756925     
          12          15  0.99214817701060842     
          15          16  0.91428857979790013     
          15          17   1.2850897589938195     
          15          18  0.18913870186271384     
          17          18   1.6338065162098929     
          17          19  0.94780168037860124     
          19          20   1.0168236846679544     
          20          21  0.95292912079144365     
          20          22  0.95686972681584548     
          19          23  0.95499866372537867     
          19          24  0.95527679101764529     
          24          25  0.97317474147974425     
          24          26  0.96887171180287246     
          24          27   1.0115491573411581     
          27          28   1.4121492371288091     
          28          29  0.96854121255218639     
          28          30   1.4416896366191161     
          30          31  0.97120263114935379     
          27          32  0.10917800966548989     
          30          32   1.4411845624374273     
          32          33  0.97156625677986941     
          28          34  0.11003842028257821     
          32          34   1.4351788821924221     
          34          35  0.97116614743947838     
          27          36   1.4080909038598488     
          30          36  0.11151723887356907     
          34          36   1.4493058583996299     
          36          37  0.96916106574534033     
