   -0.38062927
    0.35952973
   -0.37616153
    0.36448409
   -0.03866003
    0.07433078
    0.08256724
   -0.17113948
    0.23060303
    0.26824429
   -0.45372208
   -0.02477507
    0.08098280
    0.07689243
   -0.16852694
    0.20412437
    0.26579793
   -0.45122904
    0.03299001
   -0.35420788
    0.14359940
    0.15188435
    0.03557268
   -0.06572658
    0.04619073
    0.04625850
    0.00969741
   -0.03564456
    0.02191368
   -0.03313962
    0.05823172
   -0.02964042
    0.03427388
   -0.02809761
    0.03159088
   -0.03459182
    0.02613199
