           1           2   1.7649403860360338     
           1           3  0.18102954664015120     
           2           3   1.2017354688395199     
           3           4  0.76807746142559086     
           2           5  0.92837301422306873     
           5           6  0.95024700814651530     
           5           7  0.97304666883899971     
           5           8  0.98982521755858599     
           8           9  0.87880908064058505     
           8          10   1.3360282178603955     
           8          11  0.20446534313360687     
          10          11   1.6027550898949270     
          10          12  0.94413079559635937     
          12          13  0.97157870852085859     
          12          14  0.95227950033991027     
          12          15  0.99483644172343599     
          15          16  0.91969027114691992     
          15          17   1.2852717705073093     
          15          18  0.19388019986924165     
          17          18   1.6371063350248649     
          17          19  0.94926519282326560     
          19          20   1.0121392804591289     
          20          21  0.96524903149379182     
          20          22  0.96003442485511958     
          19          23  0.95482161805130406     
          19          24  0.95867428897014750     
          24          25  0.96573277059062501     
          24          26  0.97428033960736404     
          24          27   1.0079892351217163     
          27          28   1.4177347523570236     
          28          29  0.96865903677752707     
          28          30   1.4410330475770159     
          30          31  0.96400772704292947     
          27          32  0.10979359900844743     
          30          32   1.4411683631282615     
          32          33  0.97121410027662147     
          28          34  0.11060579430525157     
          32          34   1.4367707398752971     
          34          35  0.97111356633249812     
          27          36   1.4112498432574478     
          30          36  0.11235106799870331     
          34          36   1.4476154988974002     
          36          37  0.96948946198836106     
