   -0.37502194
    0.35842288
   -0.37836034
    0.36500322
   -0.03934073
    0.07729521
    0.07440448
   -0.16364863
    0.20525619
    0.26168388
   -0.46053285
    0.03179802
    0.04125297
   -0.35671033
    0.14188927
    0.15589957
   -0.06115573
    0.05891829
    0.04491963
   -0.03060432
   -0.01036140
    0.03103995
   -0.10653387
    0.15842424
    0.04418096
   -0.05296034
    0.02370708
   -0.03513220
    0.02951897
   -0.04031593
    0.02937755
   -0.03631149
    0.03353269
   -0.01953496
