           1           2   1.2021934066124125     
           1           3  0.18305676293019385     
           2           3   1.7724452629046556     
           1           4  0.76785029796686599     
           2           5  0.92452720894363249     
           5           6  0.97415582783350940     
           5           7  0.95221418450076700     
           5           8  0.99146795928559406     
           8           9  0.91457374661529944     
           8          10   1.3071603595682066     
           8          11  0.19254976912720251     
          10          11   1.6018152287646052     
          10          12  0.95394530705296809     
          12          13  0.95213803723551793     
          12          14   1.0148761069560654     
          14          15  0.96650751280206304     
          14          16  0.95239243485217040     
          12          17  0.95343890030209788     
          17          18  0.96595750387815138     
          17          19  0.97422778145536948     
          17          20   1.0171162843092874     
          20          21   1.5777056572560355     
          21          22  0.96935111794927276     
          21          23   1.1941093124136650     
          23          24  0.94716853134908030     
          23          25   1.1737053265725943     
          25          26   1.3375813542718733     
          26          27  0.96857545876933138     
          26          28   1.4943909823257306     
          28          29  0.97197537473776630     
          28          30   1.3714493050086813     
          30          31  0.97163902506161537     
          26          32  0.11443597861413123     
          30          32   1.5057075974269014     
          32          33  0.96832357985239481     
          20          34   1.2003522449452659     
          25          34   1.2517044772071664     
          32          34   1.3309683831996759     
