           2           7  0.19528689581273095     
           3           8  0.20298944253895904     
           4           9  0.19367902654406510     
           5          10  0.19773355535552459     
           6          11  0.19455956036703512     
           1          12  0.19338395486231444     
           1          13   1.6571996262648385     
          12          13   1.2590893806413148     
           7          14  0.96467726078595817     
          13          14  0.93517685515769644     
          14          15  0.98104575820577378     
          15          16   1.0048286513455533     
           7          17  0.97565979402630387     
          16          17   1.0037484402919739     
           2          18   1.6011200850831648     
           7          18   1.3077997581460166     
           8          19  0.97574231735683725     
          18          19  0.93149687595430275     
          19          20   1.0003260441224826     
           3          21   1.6280429756472323     
           8          21   1.3203629651363358     
           9          22  0.99167858705591083     
          21          22  0.92161359578407553     
          22          23  0.99680751731931072     
           4          24   1.6995094038622667     
           9          24   1.2391501011811576     
          10          25  0.97427267239259718     
          24          25  0.93199473305277802     
          25          26  0.99871798184662031     
           5          27   1.6169829357140775     
          10          27   1.3184517441900017     
          11          28  0.97113122487289361     
          27          28  0.92652785214666589     
          28          29   1.0088986257307928     
           6          30   1.6454909640775441     
          11          30   1.2924100048318345     
          12          31  0.97092021296021125     
          30          31  0.93263845534495504     
          31          32  0.98049973235223609     
          32          33   1.0056882687740132     
          12          34  0.98009109923231241     
          33          34   1.0027941565221936     
          14          35  0.95760913516617219     
          15          36  0.97815756423774425     
          15          37  0.97705690203271067     
          16          38  0.97638026881178330     
          16          39  0.97575734167352757     
          17          40  0.96585303406270384     
          17          41  0.94709795700640043     
           8          42  0.85835198751773023     
          19          43  0.95638254315100391     
          20          44  0.97686643513444926     
          20          45  0.98513113685835119     
          20          46  0.98401262210207896     
           9          47  0.92700481193367379     
          22          48  0.94369628913488568     
          23          49  0.97871847641135179     
          23          50  0.98472571991287650     
          23          51  0.98530105535050161     
          10          52  0.90749682048750635     
          25          53  0.95253850021094699     
          26          54  0.98096317395216093     
          26          55  0.98407442594878680     
          26          56  0.98324781135359329     
          11          57  0.89521669994285347     
          28          58  0.95253827213715625     
          29          59  0.97944745401254363     
          29          60  0.98570801561437282     
          29          61  0.98166326943149462     
          31          62  0.95311743858834297     
          32          63  0.97645182089809768     
          32          64  0.97536160045081433     
          33          65  0.97725824568160402     
          33          66  0.97774097733060183     
          34          67  0.96598561382450254     
          34          68  0.96925904523545436     
