   -0.37049251
    0.35778455
   -0.37318344
    0.36141488
   -0.03723817
    0.07463925
    0.08147451
   -0.16865343
    0.22780960
    0.26761197
   -0.45536173
   -0.02268473
    0.07828548
    0.07873427
   -0.17569349
    0.17839488
    0.25908953
   -0.44635516
    0.03366691
   -0.33431420
    0.14638750
    0.16247318
    0.03822188
   -0.07129645
    0.03393287
    0.06685451
    0.01183059
   -0.03977165
    0.01923949
   -0.03157684
    0.03020691
   -0.03132732
    0.03519033
   -0.02834474
    0.03557864
   -0.03687982
    0.04435196
