           1           2   1.7812018796513009     
           1           3  0.18134093030047516     
           2           3   1.1907454560671029     
           3           4  0.78377782384344785     
           2           5  0.92543887241007505     
           5           6  0.95097875451114366     
           5           7  0.97304461218388827     
           5           8  0.99029467820085026     
           8           9  0.88481090219365455     
           8          10   1.3319647404994899     
           8          11  0.20594289585850684     
          10          11   1.6075504935271385     
          10          12  0.94361445094913066     
          12          13  0.95404721876219467     
          12          14  0.97197456747651279     
          12          15  0.98920730463357065     
          15          16  0.94027769505923686     
          15          17   1.2626702568492367     
          15          18  0.18741623263508098     
          17          18   1.6521185646933569     
          17          19  0.93563278875316225     
          19          20   1.0350136077303098     
          20          21  0.96227021602052343     
          20          22  0.95121324075861113     
          19          23  0.95468360403934860     
          19          24  0.95435882677094452     
          24          25  0.97258712310824103     
          24          26  0.96661623241195216     
          24          27   1.0125507057221985     
          27          28   1.4143844296564394     
          28          29  0.96935709830633587     
          28          30   1.4432772872218296     
          30          31  0.96950760268205305     
          27          32  0.10971930115570870     
          30          32   1.4394462774214944     
          32          33  0.97118686005284716     
          28          34  0.11073344401942656     
          32          34   1.4376190858158184     
          34          35  0.97083224826272385     
          27          36   1.4098849571906993     
          30          36  0.11114168316242290     
          34          36   1.4460493308979792     
          36          37  0.96709902322181640     
