   -0.38105486
    0.35643024
   -0.37263082
    0.35328769
   -0.04122391
    0.10846648
    0.07856817
   -0.17932681
    0.20195418
    0.27037035
   -0.41601376
   -0.02692222
    0.07828076
    0.06577463
   -0.15880188
    0.21194364
    0.26669691
   -0.48405649
    0.03329099
   -0.34995915
    0.15305873
    0.14140332
    0.03296159
   -0.06784809
    0.05562347
    0.05019401
    0.00218841
   -0.04631676
    0.03619351
   -0.02883595
    0.03047199
   -0.02135020
    0.03990154
   -0.02375037
    0.03721331
   -0.04391858
    0.03773591
