           1           2   1.7683666364401340     
           1           3  0.17276175854313361     
           2           3   1.1753274181229181     
           3           4  0.79790286221928897     
           2           5  0.94162488809446065     
           5           6  0.94441039282887873     
           5           7  0.94629481999173115     
           5           8   1.0045353353491013     
           8           9  0.91363860236066441     
           8          10   1.2608627199996056     
           8          11  0.20622190901658416     
          10          11   1.7034341459071336     
          10          12  0.92852028117246632     
          12          13  0.97202160297647833     
          12          14  0.96334585865888300     
          12          15  0.98892082720265528     
          15          16  0.91075603574896713     
          15          17   1.3178126028755512     
          15          18  0.18539946680674896     
          17          18   1.5868834892432764     
          17          19  0.95262620314955515     
          19          20   1.0153514722649208     
          20          21  0.95853819002200036     
          20          22  0.96512586027217973     
          19          23  0.95320493070604506     
          19          24  0.95729155538760147     
          24          25  0.97365904374133705     
          24          26  0.96099601074701613     
          24          27   1.0097617806961936     
          27          28   1.4076080646403815     
          28          29  0.96602774497733612     
          28          30   1.4470925049163674     
          30          31  0.97117646012528125     
          27          32  0.11018100153687711     
          30          32   1.4360290662389394     
          32          33  0.97077980049439339     
          28          34  0.11156309154849904     
          32          34   1.4406557817227061     
          34          35  0.97038337245518236     
          27          36   1.4177579818012354     
          30          36  0.10987256733621296     
          34          36   1.4415003853975763     
          36          37  0.96618300190422501     
