   -0.37375003
    0.35653814
   -0.37716772
    0.36189699
   -0.03854264
    0.07781218
    0.08157779
   -0.17477248
    0.22891730
    0.26762251
   -0.45398925
   -0.02617233
    0.08127262
    0.07970752
   -0.17250666
    0.20363282
    0.26418018
   -0.44296318
    0.02776057
   -0.35491060
    0.15211367
    0.14969658
    0.05451637
   -0.06510910
    0.03830018
    0.04640166
    0.01439904
   -0.02862999
    0.04310725
   -0.02849886
    0.03243169
   -0.03248848
    0.02939452
   -0.03128873
    0.02818215
   -0.04104847
    0.02237678
