           1           2   1.7797582582821367     
           1           3  0.18029552732073631     
           2           3   1.1869138553405376     
           3           4  0.78479109028208538     
           2           5  0.92775959820791276     
           5           6  0.95478896529629909     
           5           7  0.97296211189240056     
           5           8  0.98979107386353316     
           8           9  0.88320632143366451     
           8          10   1.3222938981872270     
           8          11  0.20305261545277414     
          10          11   1.6136908171014261     
          10          12  0.94201044788599420     
          12          13  0.97082062220758347     
          12          14  0.95879732621450575     
          12          15  0.99116251512219722     
          15          16  0.91838215724846539     
          15          17   1.2789081753942702     
          15          18  0.19200150848463601     
          17          18   1.6481380414403772     
          17          19  0.94564912923856226     
          19          20   1.0134031134454575     
          20          21  0.96135536692143686     
          20          22  0.96349973405525702     
          19          23  0.94426733689158093     
          19          24  0.96784998203531469     
          24          25  0.96638627923923637     
          24          26  0.97481555058444602     
          24          27   1.0092080250772901     
          27          28   1.4168270216852301     
          28          29  0.96795816473736296     
          28          30   1.4420464374430710     
          30          31  0.97108551819698974     
          27          32  0.10974568257452298     
          30          32   1.4412547293852567     
          32          33  0.97156703881186779     
          28          34  0.11078660808987950     
          32          34   1.4355130359374391     
          34          35  0.97137226470554072     
          27          36   1.4097645579682778     
          30          36  0.11123506337637698     
          34          36   1.4484244996293794     
          36          37  0.96909922828008566     
