   -0.37549811
    0.35606402
   -0.37652288
    0.34959436
   -0.04213082
    0.11038057
    0.07904447
   -0.17544845
    0.19898022
    0.27085283
   -0.41440186
   -0.02300789
    0.07663900
    0.06597987
   -0.16105943
    0.18534575
    0.25797482
   -0.48055152
    0.03477265
   -0.33484918
    0.15282535
    0.16084161
    0.03938252
   -0.07279534
    0.06892896
    0.05129924
    0.00429311
   -0.04000860
    0.03056063
   -0.03116744
    0.03414508
   -0.03285541
    0.03512514
   -0.03089000
    0.03580212
   -0.04272720
    0.03508180
