           1           2   1.7760545484415466     
           1           3  0.17218939268070366     
           2           3   1.1710466816035818     
           3           4  0.79879980932743277     
           2           5  0.93752143674071731     
           5           6  0.94462288775939496     
           5           7  0.94943281589078976     
           5           8   1.0043755569686084     
           8           9  0.91968930589186160     
           8          10   1.2589381832560846     
           8          11  0.20586049849287161     
          10          11   1.7046475345376695     
          10          12  0.92970542251914889     
          12          13  0.97184434351887206     
          12          14  0.96471548275041197     
          12          15  0.98332460816409695     
          15          16  0.93525879549059276     
          15          17   1.2993668364521178     
          15          18  0.18095028788319667     
          17          18   1.5926941413946536     
          17          19  0.94174152789161059     
          19          20   1.0328168951663910     
          20          21  0.96026041967789155     
          20          22  0.95629285927928676     
          19          23  0.95694544580382046     
          19          24  0.94901419485020622     
          24          25  0.96301515809181981     
          24          26  0.97325117175405074     
          24          27   1.0150994903235537     
          27          28   1.4115287510690893     
          28          29  0.96910186402579923     
          28          30   1.4438957444227620     
          30          31  0.97093547950236014     
          27          32  0.10967316741183901     
          30          32   1.4398325771425287     
          32          33  0.97122649739742561     
          28          34  0.11039640990742629     
          32          34   1.4362195709726653     
          34          35  0.97081167331323948     
          27          36   1.4074725115414830     
          30          36  0.11123625718010556     
          34          36   1.4481031737111112     
          36          37  0.96906993386388729     
