   -0.37566350
    0.35788361
   -0.37811804
    0.36477793
   -0.03953061
    0.07532126
    0.07804473
   -0.16337721
    0.20689301
    0.26135012
   -0.46189397
    0.03280523
    0.03392126
   -0.35669811
    0.14170995
    0.16343290
   -0.06144429
    0.05148275
    0.05081047
   -0.03205516
   -0.00726782
    0.03540567
   -0.10229348
    0.16002136
    0.04351816
   -0.05242828
    0.02473792
   -0.03580117
    0.02964917
   -0.04163568
    0.02797021
   -0.04064769
    0.03046462
   -0.02134530
