           1           2   1.2008180048775547     
           1           3  0.18280788497473024     
           2           3   1.7729997695588449     
           1           4  0.76888191618589752     
           2           5  0.92474348507843329     
           5           6  0.95250361850680754     
           5           7  0.97386893871674252     
           5           8  0.99145969656361554     
           8           9  0.91233367815735789     
           8          10   1.3100327901652280     
           8          11  0.19286245397331539     
          10          11   1.6014265249841275     
          10          12  0.95151802622427795     
          12          13  0.95414412665843662     
          12          14   1.0166782128870937     
          14          15  0.96614925481942404     
          14          16  0.94888804245426428     
          12          17  0.95385365274458744     
          17          18  0.96994655292858645     
          17          19  0.97168407770996290     
          17          20   1.0157828492949605     
          20          21   1.5783240935129101     
          21          22  0.96958145785076066     
          21          23   1.1994914928045832     
          23          24  0.94661436677809030     
          23          25   1.1772962241678520     
          25          26   1.3373270113201086     
          26          27  0.96846519895197292     
          26          28   1.4952567835479043     
          28          29  0.97195503787381687     
          28          30   1.3695990122229724     
          30          31  0.97171405228363161     
          26          32  0.11360620498491378     
          30          32   1.5065097026126004     
          32          33  0.96738995359629998     
          20          34   1.2032517140455385     
          25          34   1.2466107018045753     
          32          34   1.3268140842111042     
