   -0.37872788
    0.35949580
   -0.37580658
    0.36389229
   -0.03848348
    0.08275145
    0.07537776
   -0.17060678
    0.23026085
    0.26739422
   -0.45233924
   -0.02446615
    0.08130411
    0.08068820
   -0.17395985
    0.18025437
    0.27237776
   -0.43693606
    0.03388670
   -0.33936318
    0.14831349
    0.16656101
    0.03266344
   -0.06973192
    0.03165295
    0.04415881
    0.01092994
   -0.03630278
    0.02494910
   -0.02984733
    0.03007914
   -0.02952978
    0.03366446
   -0.03245016
    0.05576517
   -0.03458007
    0.01671023
