           1           2   1.7669827483638376     
           1           3  0.18093566132138236     
           2           3   1.1999168758010785     
           3           4  0.77088113666104729     
           2           5  0.92766454207496585     
           5           6  0.97287068886496286     
           5           7  0.95060401735257016     
           5           8  0.98988921772370497     
           8           9  0.88107794483396640     
           8          10   1.3340743974879432     
           8          11  0.20515342619797697     
          10          11   1.6055110249635252     
          10          12  0.94412893676709053     
          12          13  0.95409913196571550     
          12          14  0.97162563432248594     
          12          15  0.99002929768508452     
          15          16  0.93997013576547883     
          15          17   1.2625446549080608     
          15          18  0.18853875162792311     
          17          18   1.6534796656840784     
          17          19  0.95250305336907237     
          19          20   1.0348082635465159     
          20          21  0.95951338764519878     
          20          22  0.95105124199989954     
          19          23  0.95762453415893611     
          19          24  0.93378522763857874     
          24          25  0.97402517051904614     
          24          26  0.96797123378737138     
          24          27   1.0162011562850641     
          27          28   1.4106995987602082     
          28          29  0.96834470165556752     
          28          30   1.4430076411077195     
          30          31  0.97122975583633941     
          27          32  0.10887729964160572     
          30          32   1.4406426667629957     
          32          33  0.97126968104635503     
          28          34  0.11090456182216635     
          32          34   1.4363875362721261     
          34          35  0.96428026270244904     
          27          36   1.4107142805852861     
          30          36  0.11104172190147854     
          34          36   1.4465953623493784     
          36          37  0.96859395947158444     
