   -0.37422977
    0.35820334
   -0.37771500
    0.36384691
   -0.03693584
    0.07731429
    0.07357269
   -0.17268385
    0.18345784
    0.25954879
   -0.45837810
    0.03280943
    0.03692488
   -0.33414253
    0.16005176
    0.14489325
   -0.06772469
    0.05260641
    0.06153304
   -0.04257834
   -0.01395907
    0.03023155
   -0.10942700
    0.15823323
    0.04107408
   -0.05291236
    0.02474732
   -0.02968298
    0.03686880
   -0.03263319
    0.04212964
   -0.03824196
    0.02941155
   -0.02621412
