           1           2   1.1973517402459370     
           1           3  0.18155325128808136     
           2           3   1.7743049333181755     
           1           4  0.77209368402969236     
           2           5  0.92565473772439166     
           5           6  0.95308522024605757     
           5           7  0.97441603720954206     
           5           8  0.98804406267793254     
           8           9  0.93042473803372316     
           8          10   1.2850611829112932     
           8          11  0.18555482485540317     
          10          11   1.6128216885185500     
          10          12  0.94385942701249381     
          12          13  0.95765501632673522     
          12          14   1.0302760135587914     
          14          15  0.95682426118984387     
          14          16  0.96311856564289877     
          12          17  0.94970926789102905     
          17          18  0.97143278554171242     
          17          19  0.96573584104709798     
          17          20   1.0198888801178105     
          20          21   1.5751645177000635     
          21          22  0.96981225655399661     
          21          23   1.1964264224839747     
          23          24  0.94718411767972799     
          23          25   1.1689573759930676     
          25          26   1.3360754679179401     
          26          27  0.96848575412000515     
          26          28   1.4968516197034747     
          28          29  0.97142755320076768     
          28          30   1.3696134396337218     
          30          31  0.97059376904124706     
          26          32  0.11554042570547564     
          30          32   1.5091227860275425     
          32          33  0.96764701242738860     
          20          34   1.1974814661187423     
          25          34   1.2552747339503030     
          32          34   1.3266364354785622     
