   -0.38084923
    0.35778268
   -0.35316235
    0.32939774
   -0.03619252
    0.10461524
    0.07046849
   -0.17938001
    0.18986676
    0.27464912
   -0.41443881
   -0.02875767
    0.07424674
    0.09622445
   -0.18376277
    0.18566829
    0.25548982
   -0.44679243
    0.02996934
   -0.34683624
    0.16722004
    0.13739687
    0.05473436
   -0.07038084
    0.06295304
    0.05725962
    0.01646668
   -0.04623675
    0.04526161
   -0.03968726
    0.02455589
   -0.04239027
    0.01840940
   -0.02983295
    0.03393787
   -0.03417205
    0.04629810
