           1           2   1.7735791837465409     
           1           3  0.16205700866262729     
           2           3   1.1436610742896545     
           3           4  0.86993665780694263     
           2           5  0.94917701393674214     
           5           6  0.93980201001432617     
           5           7  0.95275995356550536     
           5           8   1.0124344967559207     
           8           9  0.92222766920809474     
           8          10   1.2207616524755811     
           8          11  0.18826763826662546     
          10          11   1.7167738521264539     
          10          12  0.94948660516306937     
          12          13  0.96444786505361613     
          12          14  0.94837525302348935     
          12          15  0.99393423314288820     
          15          16  0.92406712690487125     
          15          17   1.2477824667522150     
          15          18  0.19142239552936746     
          17          18   1.6767067045151614     
          17          19  0.93137543832799274     
          19          20   1.0328084337425902     
          20          21  0.94576088761984645     
          20          22  0.96284781195221003     
          19          23  0.94497848306041410     
          19          24  0.95945828068015582     
          24          25  0.96876660432557093     
          24          26  0.96942791071471446     
          24          27   1.0160740188966593     
          27          28   1.4069038230747721     
          28          29  0.96622914411655980     
          28          30   1.4413053844465460     
          30          31  0.97072351426986891     
          27          32  0.10862574717297636     
          30          32   1.4351888498170693     
          32          33  0.97165852953033160     
          28          34  0.10946114913958928     
          32          34   1.4368455874848471     
          34          35  0.97091711770176803     
          27          36   1.4101668177097975     
          30          36  0.10995601777019848     
          34          36   1.4454900017726660     
          36          37  0.96754611180007855     
