   -0.38180944
    0.35874085
   -0.37936493
    0.36565920
   -0.03885169
    0.07678755
    0.07449019
   -0.16576617
    0.20180474
    0.26453366
   -0.45720584
    0.02685668
    0.06394394
   -0.35576114
    0.15192593
    0.14703479
   -0.05705821
    0.02997315
    0.04258735
   -0.03014317
    0.00041830
    0.03761126
   -0.09587254
    0.16198237
    0.04665870
   -0.05155461
    0.02400134
   -0.03675121
    0.02705815
   -0.04199103
    0.02427513
   -0.03723317
    0.01956588
   -0.01654601
