           1           2   1.2000031541007206     
           1           3  0.18256223880945205     
           2           3   1.7728943598206983     
           1           4  0.76076921353728333     
           2           5  0.92707772329689309     
           5           6  0.97459079544471172     
           5           7  0.95195284146494452     
           5           8  0.98987877212382502     
           8           9  0.91823626792150637     
           8          10   1.2988216084429183     
           8          11  0.18908663297158182     
          10          11   1.6022462867696479     
          10          12  0.95758348279300221     
          12          13  0.95349969648809374     
          12          14   1.0171592922621859     
          14          15  0.96299010511646277     
          14          16  0.96136002831144096     
          12          17  0.94528171897716318     
          17          18  0.97470355797615227     
          17          19  0.96741762344308369     
          17          20   1.0199718722953124     
          20          21   1.5742562783359471     
          21          22  0.96895410143941541     
          21          23   1.2051417980504191     
          23          24  0.94604369516592524     
          23          25   1.1782686169896053     
          25          26   1.3397899799263602     
          26          27  0.96855008051886304     
          26          28   1.4925868163961400     
          28          29  0.97216792684371811     
          28          30   1.3718917285751255     
          30          31  0.97198079794933134     
          26          32  0.11269015151368640     
          30          32   1.5033027977230335     
          32          33  0.96920172750820122     
          20          34   1.2047885278230595     
          25          34   1.2449369160840533     
          32          34   1.3325057148287360     
