   -0.37296504
    0.35813526
   -0.37789787
    0.36552735
   -0.03861393
    0.07881192
    0.07501240
   -0.16762796
    0.18249814
    0.27296260
   -0.44733050
    0.03188243
    0.03454858
   -0.34102933
    0.14596087
    0.16575194
   -0.06644951
    0.04816576
    0.03934140
   -0.04407744
   -0.01664436
    0.02543770
   -0.11041598
    0.15745188
    0.04265177
   -0.05072413
    0.02579609
   -0.02694479
    0.03732586
   -0.03208655
    0.03847154
   -0.03677487
    0.02954885
   -0.02570008
