           1           2   1.2004964497891224     
           1           3  0.18206427562269703     
           2           3   1.7739549395314176     
           1           4  0.77039348560717991     
           2           5  0.92426032192170016     
           5           6  0.95380801931107473     
           5           7  0.97460291555646328     
           5           8  0.98827355685762852     
           8           9  0.93360518329522357     
           8          10   1.2864376336184848     
           8          11  0.18702096168020105     
          10          11   1.6189692785205494     
          10          12  0.95676853348218482     
          12          13  0.95758446134699571     
          12          14   1.0304728718317244     
          14          15  0.96203840680551855     
          14          16  0.95204078172588991     
          12          17  0.93509934667039041     
          17          18  0.97324494354146518     
          17          19  0.96784440570918528     
          17          20   1.0201133957658162     
          20          21   1.5737761829975332     
          21          22  0.97006945143175471     
          21          23   1.1933212899926191     
          23          24  0.94747472132437494     
          23          25   1.1690515414143292     
          25          26   1.3363356585823010     
          26          27  0.96844694608358006     
          26          28   1.4968136524704678     
          28          29  0.97137142794720910     
          28          30   1.3702792571350313     
          30          31  0.97093087897123120     
          26          32  0.11586657900806410     
          30          32   1.5085937509928318     
          32          33  0.96759722051519415     
          20          34   1.1991717325958424     
          25          34   1.2561735578841173     
          32          34   1.3275532473620135     
