   -0.38128023
    0.35765333
   -0.35286206
    0.32950709
   -0.03628236
    0.10489335
    0.07025922
   -0.18022498
    0.18926519
    0.27463954
   -0.41405989
   -0.02870416
    0.07429992
    0.09631045
   -0.18414703
    0.18630212
    0.25561483
   -0.44648974
    0.02972614
   -0.34696023
    0.16666165
    0.13774018
    0.05518783
   -0.07040897
    0.06294535
    0.05758564
    0.01634434
   -0.04630766
    0.04540048
   -0.03949084
    0.02534695
   -0.04241941
    0.01830735
   -0.03013568
    0.03377987
   -0.03417413
    0.04617656
