           1           2   1.7727906404765461     
           1           3  0.16205856964532322     
           2           3   1.1442743880101742     
           3           4  0.86984921640554091     
           2           5  0.94932512181951878     
           5           6  0.93958729536135388     
           5           7  0.95281484589309406     
           5           8   1.0124390980962210     
           8           9  0.92136389144551134     
           8          10   1.2195831183029657     
           8          11  0.18797860306722952     
          10          11   1.7172998396332808     
          10          12  0.95043293213715874     
          12          13  0.96388333964620720     
          12          14  0.94801962771918169     
          12          15  0.99389836431843692     
          15          16  0.92334651008677149     
          15          17   1.2482699788556946     
          15          18  0.19174984334673362     
          17          18   1.6771946396616728     
          17          19  0.93114089185641591     
          19          20   1.0327490665087100     
          20          21  0.94594198461314249     
          20          22  0.96292244933765969     
          19          23  0.94536858568015858     
          19          24  0.95899829421495164     
          24          25  0.96870655277305273     
          24          26  0.96943222509606608     
          24          27   1.0161217890890231     
          27          28   1.4061779413034856     
          28          29  0.96633820250511393     
          28          30   1.4410963675564725     
          30          31  0.97078287773852434     
          27          32  0.10856035631731535     
          30          32   1.4347366322441535     
          32          33  0.97160910548861246     
          28          34  0.10944264467287920     
          32          34   1.4372236642794538     
          34          35  0.97092269204977688     
          27          36   1.4106606049636736     
          30          36  0.10993619768100119     
          34          36   1.4449367418715957     
          36          37  0.96755682869314152     
