   -0.38221909
    0.35899232
   -0.38388030
    0.36792259
   -0.03863817
    0.07728988
    0.07382627
   -0.16286784
    0.20595942
    0.26609535
   -0.46145560
    0.02840901
    0.05447785
   -0.36192676
    0.16112512
    0.14928111
   -0.06388435
    0.04203408
    0.05287609
   -0.04200493
   -0.00849781
    0.04623999
   -0.09786722
    0.17136736
    0.04413452
   -0.05064103
    0.02863692
   -0.03697316
    0.02850040
   -0.04357996
    0.02455696
   -0.04338622
    0.02002452
   -0.02392731
