           1           2   1.2007649812042662     
           1           3  0.18134499245733796     
           2           3   1.7700529689177629     
           1           4  0.75734798267870151     
           2           5  0.92711982017681105     
           5           6  0.97467331202016161     
           5           7  0.95468616190723421     
           5           8  0.98929021420570262     
           8           9  0.91442284034801369     
           8          10   1.3102512189311617     
           8          11  0.18942587835505495     
          10          11   1.5986155558816146     
          10          12  0.95154443127947497     
          12          13  0.95400958938596192     
          12          14   1.0237641117286480     
          14          15  0.94515092919764487     
          14          16  0.96261360789737160     
          12          17  0.94500104988766509     
          17          18  0.97044103258374659     
          17          19  0.97149544880818284     
          17          20   1.0181692380801581     
          20          21   1.5695311717203038     
          21          22  0.96680968187415561     
          21          23   1.2097844877155646     
          23          24  0.94263897225728510     
          23          25   1.1844130953867746     
          25          26   1.3370903130066463     
          26          27  0.96825226896163441     
          26          28   1.4960287433513635     
          28          29  0.97202928998553839     
          28          30   1.3684382319934945     
          30          31  0.97192947822051312     
          26          32  0.11245546230848916     
          30          32   1.5049660912377012     
          32          33  0.96704019540619102     
          20          34   1.2074592089316161     
          25          34   1.2400624480062488     
          32          34   1.3244903095919991     
