   -0.37327187
    0.35715450
   -0.37562968
    0.36210843
   -0.03955233
    0.08216952
    0.07651866
   -0.17283192
    0.22983843
    0.26743085
   -0.45330485
   -0.02604586
    0.07801073
    0.08120843
   -0.16835344
    0.20521693
    0.26123348
   -0.45274794
    0.02860855
   -0.35415957
    0.14756681
    0.15440706
    0.05794697
   -0.06988428
    0.03730509
    0.06557751
    0.00974540
   -0.03870046
    0.03430040
   -0.02883591
    0.03378988
   -0.03207171
    0.03173803
   -0.03127937
    0.03021109
   -0.03972593
    0.02430836
