           1           2   1.7791291639297608     
           1           3  0.18105770831794765     
           2           3   1.1907075488280372     
           3           4  0.78126837931725546     
           2           5  0.92652033975444092     
           5           6  0.97308990884852842     
           5           7  0.95323723782742331     
           5           8  0.99048192140727886     
           8           9  0.88060925750175345     
           8          10   1.3292148199328353     
           8          11  0.20504332472358580     
          10          11   1.6109664291355852     
          10          12  0.94123408710969270     
          12          13  0.95666046916839553     
          12          14  0.97137946216266147     
          12          15  0.99224138314343913     
          15          16  0.91587575706418589     
          15          17   1.2909290420162451     
          15          18  0.19230687743658975     
          17          18   1.6319969126687162     
          17          19  0.94601711332700789     
          19          20   1.0202953860726358     
          20          21  0.96223245933424784     
          20          22  0.95934937993679392     
          19          23  0.94320920541696862     
          19          24  0.95850489128008032     
          24          25  0.97340334984685828     
          24          26  0.96394095391877288     
          24          27   1.0137451512238298     
          27          28   1.4058961070511380     
          28          29  0.96911664728260349     
          28          30   1.4514379443293410     
          30          31  0.97096777283445312     
          27          32  0.10909338919869324     
          30          32   1.4335498153157054     
          32          33  0.97144209615100496     
          28          34  0.11212668432696446     
          32          34   1.4430728859406496     
          34          35  0.97125551945063915     
          27          36   1.4151981519734556     
          30          36  0.10976499373064312     
          34          36   1.4398057755263343     
          36          37  0.96923897112491786     
