           1           2   1.7704784778207912     
           1           3  0.18179878225667456     
           2           3   1.1995613346908245     
           3           4  0.76641839908934073     
           2           5  0.92741137988875322     
           5           6  0.95209377490829117     
           5           7  0.97369805334100201     
           5           8  0.98951888004561073     
           8           9  0.87197834151081977     
           8          10   1.3369106099423580     
           8          11  0.20439813097123288     
          10          11   1.6041764174035227     
          10          12  0.94282299526368707     
          12          13  0.97168786104742555     
          12          14  0.95262967064436177     
          12          15  0.99519743480505363     
          15          16  0.91514331432544849     
          15          17   1.2928722968254298     
          15          18  0.19348230493967933     
          17          18   1.6280568654409726     
          17          19  0.95025155834820674     
          19          20   1.0147820430569285     
          20          21  0.96520624852592807     
          20          22  0.95931971806869742     
          19          23  0.95415712980816880     
          19          24  0.95815684639100884     
          24          25  0.97405294403110199     
          24          26  0.96232581208557821     
          24          27   1.0106282533485704     
          27          28   1.4065853579864567     
          28          29  0.96687495929821832     
          28          30   1.4462198324218656     
          30          31  0.97114564591583474     
          27          32  0.10986503792133895     
          30          32   1.4369003543657033     
          32          33  0.97090498928282432     
          28          34  0.11186197374941675     
          32          34   1.4405328283473620     
          34          35  0.96801946037810638     
          27          36   1.4178220301056250     
          30          36  0.11004277881758949     
          34          36   1.4414963177208870     
          36          37  0.96848832491308201     
