   -0.38009707
    0.35889745
   -0.37560848
    0.36352113
   -0.03796180
    0.07492923
    0.08190533
   -0.17430045
    0.23266904
    0.26800269
   -0.45419293
   -0.02481831
    0.08113344
    0.07603215
   -0.16999749
    0.20571734
    0.26336686
   -0.45350069
    0.02869473
   -0.35763057
    0.15195130
    0.15353759
    0.05440920
   -0.07119107
    0.06204334
    0.03707435
    0.00621277
   -0.04013033
    0.03525764
   -0.03183768
    0.05784071
   -0.02997547
    0.03555991
   -0.03322525
    0.02779720
   -0.04329456
    0.02120871
