           1           2   1.7659749443066295     
           1           3  0.18076803220278370     
           2           3   1.1986639926318732     
           3           4  0.77387734208089498     
           2           5  0.92868156596667661     
           5           6  0.95158578568102337     
           5           7  0.97306828801848522     
           5           8  0.99077031753946943     
           8           9  0.87383390388472448     
           8          10   1.3333883387409988     
           8          11  0.20485868989172965     
          10          11   1.6068102561343021     
          10          12  0.94274262950880439     
          12          13  0.97167622156955102     
          12          14  0.95500702055058295     
          12          15  0.99283779411398221     
          15          16  0.91257847676225690     
          15          17   1.2943706214435835     
          15          18  0.19140499322823623     
          17          18   1.6271133827390276     
          17          19  0.94761671853090135     
          19          20   1.0216316979139051     
          20          21  0.96113370702066336     
          20          22  0.95239348749089481     
          19          23  0.94445112186840974     
          19          24  0.95622612856248612     
          24          25  0.96725896814483825     
          24          26  0.97300887723087937     
          24          27   1.0138533218212689     
          27          28   1.4095190081088891     
          28          29  0.96810286922805366     
          28          30   1.4484826618652700     
          30          31  0.96457428859925443     
          27          32  0.10876453445499640     
          30          32   1.4345884387105656     
          32          33  0.97113848186533869     
          28          34  0.11155217376642643     
          32          34   1.4429671662213517     
          34          35  0.97129122730434092     
          27          36   1.4100844938874340     
          30          36  0.11048897232374894     
          34          36   1.4391606122975065     
          36          37  0.96899068114562525     
