   -0.38193948
    0.35454401
   -0.36610995
    0.36439705
   -0.04389082
    0.07644863
    0.10737286
   -0.16742253
    0.17697878
    0.28203931
   -0.41885387
   -0.01912494
    0.04997142
    0.07525350
   -0.15693593
    0.20471535
    0.27601127
   -0.46978369
    0.03431462
   -0.35114800
    0.14759962
    0.15123360
    0.03427571
   -0.06697196
    0.05484570
    0.04947197
    0.01027149
   -0.03834850
    0.03852579
   -0.03179744
    0.03254274
   -0.03388543
    0.03174111
   -0.03215096
    0.03041718
   -0.03965675
    0.03504855
