           1           2   1.7656026964305191     
           1           3  0.17704244398021948     
           2           3   1.1875945221523869     
           3           4  0.80208804110002463     
           2           5  0.93900429634530402     
           5           6  0.95940837803709245     
           5           7  0.93995684513008149     
           5           8  0.99781202796508672     
           8           9  0.93846017456328035     
           8          10   1.2499360022657477     
           8          11  0.19909254684279137     
          10          11   1.7011857930091907     
          10          12  0.93812949957660308     
          12          13  0.96264594145378091     
          12          14  0.96371419341712705     
          12          15  0.99369224972642800     
          15          16  0.91706832957708484     
          15          17   1.3007158737111770     
          15          18  0.19549658015454668     
          17          18   1.6193183547305279     
          17          19  0.94836223330490377     
          19          20   1.0167520321808359     
          20          21  0.96312708068864639     
          20          22  0.95944892066043352     
          19          23  0.95359722410929382     
          19          24  0.95520994554699179     
          24          25  0.97265676086253761     
          24          26  0.96667566277682992     
          24          27   1.0123618341747913     
          27          28   1.4133761986599025     
          28          29  0.96863058725582285     
          28          30   1.4436750593221050     
          30          31  0.97108521013106208     
          27          32  0.11008716072380960     
          30          32   1.4397869555836009     
          32          33  0.97143786983388591     
          28          34  0.11044503021680593     
          32          34   1.4365446605599701     
          34          35  0.97113382304994500     
          27          36   1.4103796959387807     
          30          36  0.11123182927041282     
          34          36   1.4471688387880461     
          36          37  0.96876040867574353     
