   -0.37396950
    0.35695574
   -0.37705326
    0.36227989
   -0.03927152
    0.08234018
    0.07656550
   -0.17361269
    0.23089456
    0.26806119
   -0.45411760
   -0.02429925
    0.07663112
    0.08020212
   -0.16789749
    0.20564313
    0.26627112
   -0.45258220
    0.03435928
   -0.35150649
    0.15291428
    0.14535471
    0.03369284
   -0.06610996
    0.05397038
    0.04839682
    0.00998561
   -0.03942603
    0.03345114
   -0.03136639
    0.03258955
   -0.03316142
    0.03290800
   -0.03143804
    0.03328223
   -0.03752040
    0.03658282
