           1           2   1.7787574711616556     
           1           3  0.18087510280044697     
           2           3   1.1900694490963275     
           3           4  0.78038352096213148     
           2           5  0.92713998577772050     
           5           6  0.97306299839997779     
           5           7  0.95329920359407161     
           5           8  0.99048093817082505     
           8           9  0.87842331851028610     
           8          10   1.3298364930321687     
           8          11  0.20479327222484217     
          10          11   1.6093733326467039     
          10          12  0.94251097552591967     
          12          13  0.95589318713202209     
          12          14  0.97158467198825704     
          12          15  0.99193386866685651     
          15          16  0.91690256312684282     
          15          17   1.2920469791130853     
          15          18  0.19360072182424826     
          17          18   1.6319367122433974     
          17          19  0.94854870903461441     
          19          20   1.0159038166669725     
          20          21  0.95858554573645738     
          20          22  0.96417501748909462     
          19          23  0.95427528234696657     
          19          24  0.95539066904640502     
          24          25  0.97216414913887184     
          24          26  0.96696713487517560     
          24          27   1.0124852977172947     
          27          28   1.4103710311975604     
          28          29  0.96877804544968693     
          28          30   1.4475405545921420     
          30          31  0.97103547453426731     
          27          32  0.11003310187376059     
          30          32   1.4364541617540734     
          32          33  0.97135545937870427     
          28          34  0.11142833728867943     
          32          34   1.4402782235925429     
          34          35  0.97104814543195683     
          27          36   1.4140612224585409     
          30          36  0.11053941965903243     
          34          36   1.4431674551726099     
          36          37  0.96864615402905718     
