   -0.37964701
    0.35473847
   -0.36336102
    0.36243227
   -0.04326830
    0.10721947
    0.07717007
   -0.16672872
    0.17790466
    0.28016877
   -0.42719226
   -0.01583044
    0.06960227
    0.05478276
   -0.17414452
    0.18733595
    0.26716401
   -0.46735966
    0.02716769
   -0.33512201
    0.14286329
    0.14403618
    0.06488893
   -0.07347565
    0.05286813
    0.06405987
    0.00653408
   -0.04691622
    0.05891072
   -0.03230963
    0.03424106
   -0.03456540
    0.02995947
   -0.03334710
    0.03047173
   -0.04291329
    0.04166140
