           1           2   1.7674852757233799     
           1           3  0.17707585836186535     
           2           3   1.1870998319371626     
           3           4  0.80555493781143672     
           2           5  0.93697206188184778     
           5           6  0.94021853346404294     
           5           7  0.95953037210573211     
           5           8  0.99793644054583985     
           8           9  0.93822578352537356     
           8          10   1.2556472657017563     
           8          11  0.19682988724623246     
          10          11   1.6888408762191551     
          10          12  0.93789154113108875     
          12          13  0.96496952992741492     
          12          14  0.96615046179719277     
          12          15  0.99198586302816139     
          15          16  0.91948499915433257     
          15          17   1.2641774674067987     
          15          18  0.18408237467496544     
          17          18   1.6345610398278634     
          17          19  0.94261106834029695     
          19          20   1.0197373408942954     
          20          21  0.95732952749728173     
          20          22  0.96472774007890616     
          19          23  0.96024881507114090     
          19          24  0.95391449009790719     
          24          25  0.97132096101741372     
          24          26  0.96594919999346063     
          24          27   1.0157006427795858     
          27          28   1.4030694547706319     
          28          29  0.96301854340047766     
          28          30   1.4410993364705829     
          30          31  0.97090593519543189     
          27          32  0.10844853791872852     
          30          32   1.4399034684408953     
          32          33  0.97143937924986590     
          28          34  0.11015440894331088     
          32          34   1.4364011036572488     
          34          35  0.97111184734217704     
          27          36   1.4049476173067057     
          30          36  0.11071564019826968     
          34          36   1.4465763146637023     
          36          37  0.96783044300289722     
