   -0.37598276
    0.35831872
   -0.38024972
    0.36551241
   -0.04025505
    0.07838116
    0.07551592
   -0.16091554
    0.20203226
    0.26736286
   -0.45979224
    0.02803277
    0.05613395
   -0.35831574
    0.14947637
    0.15084068
   -0.06468972
    0.03701530
    0.06193854
   -0.03362115
   -0.01178512
    0.02612750
   -0.10951839
    0.15784426
    0.04383966
   -0.05377912
    0.02391012
   -0.03540723
    0.03059115
   -0.04238126
    0.02983635
   -0.03948590
    0.04480460
   -0.02133565
