           1           2   1.2036740296464539     
           1           3  0.18300261576471205     
           2           3   1.7702069770006985     
           1           4  0.76438788529751300     
           2           5  0.92492292770321982     
           5           6  0.94946540472684648     
           5           7  0.97397190777182119     
           5           8  0.99066354629534692     
           8           9  0.91715041498158101     
           8          10   1.3111707975493561     
           8          11  0.18997630679588895     
          10          11   1.5977955291562269     
          10          12  0.95256187739025777     
          12          13  0.95349116159325364     
          12          14   1.0239567734861241     
          14          15  0.96310902977340196     
          14          16  0.94801621106940959     
          12          17  0.94272186588792362     
          17          18  0.97237602571851434     
          17          19  0.96779603233402201     
          17          20   1.0231943631272296     
          20          21   1.5724140107190012     
          21          22  0.96904254065875617     
          21          23   1.1915086721808261     
          23          24  0.94725698188144036     
          23          25   1.1734923424153747     
          25          26   1.3363699040628554     
          26          27  0.96849052817320558     
          26          28   1.4953253651078855     
          28          29  0.97186421386151856     
          28          30   1.3707861545343041     
          30          31  0.97153058285416072     
          26          32  0.11459923113046720     
          30          32   1.5052522715223624     
          32          33  0.96544839539603033     
          20          34   1.1996174941703297     
          25          34   1.2530906923730845     
          32          34   1.3293650506006973     
