   -0.36879559
    0.35756613
   -0.37070181
    0.36257884
   -0.04055833
    0.08129506
    0.08111395
   -0.16604885
    0.18385248
    0.26925374
   -0.44381612
   -0.02477594
    0.06703015
    0.09937942
   -0.16841717
    0.20654446
    0.26648001
   -0.43690801
    0.02739841
   -0.35258194
    0.15054920
    0.15148521
    0.05221201
   -0.07087804
    0.03825976
    0.06434598
    0.01096969
   -0.03980268
    0.02597696
   -0.03172161
    0.02896042
   -0.03311706
    0.02936085
   -0.02978284
    0.03036169
   -0.03903477
    0.03196634
