           1           2   1.7817356541943870     
           1           3  0.18267740491614071     
           2           3   1.1943815002113349     
           3           4  0.78218085348553745     
           2           5  0.92448221479613879     
           5           6  0.97369871015463627     
           5           7  0.95347497392980241     
           5           8  0.98554439049361797     
           8           9  0.94021857903028716     
           8          10   1.2845615443552865     
           8          11  0.19086869231367951     
          10          11   1.6292338308190939     
          10          12  0.95622396190843151     
          12          13  0.94923756114334457     
          12          14  0.94540643870974295     
          12          15   1.0155865994663580     
          15          16  0.91221181332547863     
          15          17   1.2511057715328431     
          15          18  0.19268212637686383     
          17          18   1.6901437078788273     
          17          19  0.94081875127381365     
          19          20   1.0213356559059814     
          20          21  0.95916793498332586     
          20          22  0.96078736292618250     
          19          23  0.94575617501033749     
          19          24  0.95820846600758069     
          24          25  0.97285189408195039     
          24          26  0.96434135703227974     
          24          27   1.0158300822247288     
          27          28   1.4132295277501490     
          28          29  0.96918652050590859     
          28          30   1.4405800194797496     
          30          31  0.97133922600096823     
          27          32  0.10887318826524278     
          30          32   1.4424017238085947     
          32          33  0.97159314530926544     
          28          34  0.10955648760440737     
          32          34   1.4335814452992455     
          34          35  0.97116892757430495     
          27          36   1.4052021767202647     
          30          36  0.11186416279911385     
          34          36   1.4514356287866650     
          36          37  0.96932852573792161     
