   -0.37199205
    0.35797792
   -0.37347109
    0.36217162
   -0.03756264
    0.07238214
    0.08311402
   -0.16927092
    0.22988093
    0.26744216
   -0.45408789
   -0.02455534
    0.07995866
    0.08053957
   -0.17289998
    0.17960286
    0.27175720
   -0.43470000
    0.03312744
   -0.33786893
    0.16729556
    0.14760926
    0.03521821
   -0.07111368
    0.03185923
    0.04569798
    0.01204168
   -0.03747462
    0.01921056
   -0.03072929
    0.03171410
   -0.03007454
    0.03561068
   -0.02806612
    0.03446405
   -0.03438306
    0.02957434
