           1           2   1.7791754084107636     
           1           3  0.18171768070512148     
           2           3   1.1938340699668528     
           3           4  0.77955179422140652     
           2           5  0.92525504710923612     
           5           6  0.95161357421502768     
           5           7  0.97214169165310593     
           5           8  0.99008648784019482     
           8           9  0.88270247303215865     
           8          10   1.3342561530056813     
           8          11  0.20638644922280361     
          10          11   1.6068433174333385     
          10          12  0.94315408566007675     
          12          13  0.95449121421522032     
          12          14  0.97195682895507907     
          12          15  0.98933461755457042     
          15          16  0.94029954549831907     
          15          17   1.2638063554503596     
          15          18  0.18937943514110839     
          17          18   1.6573157111274246     
          17          19  0.94993689221520694     
          19          20   1.0380873247717368     
          20          21  0.95038032589423538     
          20          22  0.95983069912446395     
          19          23  0.95564025177820355     
          19          24  0.93407092355854870     
          24          25  0.97381609689426774     
          24          26  0.96772066035376769     
          24          27   1.0170445799448515     
          27          28   1.4096615230483809     
          28          29  0.96929218011837559     
          28          30   1.4470240471795239     
          30          31  0.96968033847517132     
          27          32  0.10903949925342954     
          30          32   1.4365030154849319     
          32          33  0.97118963637996614     
          28          34  0.11124102988584764     
          32          34   1.4399452490330755     
          34          35  0.97100137360644556     
          27          36   1.4108604922841113     
          30          36  0.11028636659414992     
          34          36   1.4439052492650717     
          36          37  0.96815072263421476     
