   -0.37036696
    0.35821613
   -0.37233438
    0.36202000
   -0.03865634
    0.07315073
    0.08206919
   -0.17010860
    0.22650159
    0.26677948
   -0.45105883
   -0.02382122
    0.08120578
    0.07977508
   -0.17655354
    0.17990344
    0.25558861
   -0.44734187
    0.03469535
   -0.32943074
    0.16214526
    0.14315151
    0.03584849
   -0.06665712
    0.05739170
    0.03089441
    0.01336390
   -0.03508627
    0.05056667
   -0.02850971
    0.03412090
   -0.03168960
    0.03194355
   -0.03065850
    0.03097846
   -0.04039734
    0.02236080
