           1           2   1.7806217748726230     
           1           3  0.18194899506472431     
           2           3   1.1938590666426117     
           3           4  0.78102189225721985     
           2           5  0.92431038552489297     
           5           6  0.95288829932503849     
           5           7  0.97351330267901193     
           5           8  0.98994713579628957     
           8           9  0.88954877107210928     
           8          10   1.3268605465545837     
           8          11  0.20557930214640252     
          10          11   1.6125826475578457     
          10          12  0.94323489336400002     
          12          13  0.95540886393039837     
          12          14  0.97163857746330162     
          12          15  0.98822173804883140     
          15          16  0.93996328476297475     
          15          17   1.2627969599567486     
          15          18  0.18715931984924392     
          17          18   1.6486815717729897     
          17          19  0.93650308804850835     
          19          20   1.0343067625857953     
          20          21  0.95420490822193438     
          20          22  0.96430826260806946     
          19          23  0.95911214226525443     
          19          24  0.94982041556944674     
          24          25  0.96804304896757265     
          24          26  0.97367030581240277     
          24          27   1.0090718029926817     
          27          28   1.4079846627502308     
          28          29  0.96717009592921410     
          28          30   1.4492267597994717     
          30          31  0.97091432336444328     
          27          32  0.10926606879309249     
          30          32   1.4357224981480678     
          32          33  0.97140914018216729     
          28          34  0.11224297120851125     
          32          34   1.4413886437375534     
          34          35  0.97120496692758540     
          27          36   1.4169258064591308     
          30          36  0.11021383664423917     
          34          36   1.4411735217261508     
          36          37  0.96926363336355936     
