           2           7  0.20089402297416659     
           3           8  0.18939794070149016     
           4           9  0.18482473953358933     
           5          10  0.20180385777400833     
           6          11  0.19933932882574754     
           1          12  0.19532343768393429     
           1          13   1.5930687022098895     
          12          13   1.3083765833742125     
           7          14  0.98314212802867695     
          13          14  0.93861939458409294     
          14          15  0.97606727985052544     
          15          16   1.0048094937193337     
           7          17  0.97418056339484893     
          16          17   1.0081946756129847     
           2          18   1.6696083079883701     
           7          18   1.2671474649248176     
           8          19  0.96471944946322252     
          18          19  0.92794806211780634     
          19          20   1.0002120686528959     
           3          21   1.6405503109356396     
           8          21   1.2927933904446369     
           9          22  0.99576704188365173     
          21          22  0.92435657592558074     
          22          23  0.99905104536174594     
           4          24   1.7123815288718287     
           9          24   1.2241027144802519     
          10          25  0.97939813390580832     
          24          25  0.92894825230983946     
          25          26  0.99672380249313686     
           5          27   1.6297725455924004     
          10          27   1.3207973934897239     
          11          28  0.97320743368747431     
          27          28  0.92425825883428225     
          28          29  0.99216897097626611     
           6          30   1.6361039336450103     
          11          30   1.3102361358973291     
          12          31  0.96003641902732761     
          30          31  0.92208390991977085     
          31          32  0.99823669565517348     
          32          33   1.0043605685824999     
          12          34  0.97727327551116039     
          33          34   1.0027373029900186     
          14          35  0.94598184967077614     
          15          36  0.97813352368631457     
          15          37  0.97464933650532593     
          16          38  0.97669782704904784     
          16          39  0.97752533661231245     
          17          40  0.96691198988105631     
          17          41  0.96795999482065553     
           8          42  0.93124711160446150     
          19          43  0.94715725994351552     
          20          44  0.98242297603357631     
          20          45  0.98121375279608236     
          20          46  0.97747500706469614     
           9          47  0.92893201597507391     
          22          48  0.93900009373510396     
          23          49  0.98123822702655938     
          23          50  0.98535170040345199     
          23          51  0.98222552084951320     
          10          52  0.87741849511193248     
          25          53  0.95436661967967673     
          26          54  0.98459758852458190     
          26          55  0.98419819710363043     
          26          56  0.98120434960044156     
          11          57  0.89698566786860801     
          28          58  0.96514624273770688     
          29          59  0.98373739188099008     
          29          60  0.98374713113598478     
          29          61  0.97969568651830530     
          31          62  0.95242668857383361     
          32          63  0.97822126769313678     
          32          64  0.97145034245456663     
          33          65  0.97877908188260987     
          33          66  0.97520798889078497     
          34          67  0.95734234786689165     
          34          68  0.96690600013826022     
