   -0.37671725
    0.35864911
   -0.38130388
    0.36559278
   -0.03951742
    0.07688870
    0.07484756
   -0.16152627
    0.20431012
    0.26803695
   -0.45681725
    0.03314160
    0.03237887
   -0.35222536
    0.14486577
    0.15156871
   -0.05980760
    0.04249238
    0.05657698
   -0.03321035
   -0.00665929
    0.03287244
   -0.10493105
    0.15899681
    0.04265954
   -0.05356014
    0.02500945
   -0.03649274
    0.03114857
   -0.04254516
    0.03018411
   -0.03834857
    0.03598167
   -0.02253976
