           1           2   1.2036185111398510     
           1           3  0.18284995156294021     
           2           3   1.7690401519142418     
           1           4  0.76350341026002744     
           2           5  0.92718225341297067     
           5           6  0.94600268821419142     
           5           7  0.97443261768423717     
           5           8  0.98988891870963980     
           8           9  0.91620000813730695     
           8          10   1.3101761672439682     
           8          11  0.19266265445628178     
          10          11   1.6038499328168141     
          10          12  0.95305116617548302     
          12          13  0.95457371741693375     
          12          14   1.0148454437982442     
          14          15  0.96505246629875197     
          14          16  0.95940123433656521     
          12          17  0.95336954834379239     
          17          18  0.96836220793125827     
          17          19  0.96989795008682367     
          17          20   1.0194945052162370     
          20          21   1.5818910265620079     
          21          22  0.96948555248907642     
          21          23   1.1963045554483152     
          23          24  0.94700268107994023     
          23          25   1.1744532849644955     
          25          26   1.3377342321552181     
          26          27  0.96848425078873535     
          26          28   1.4941487799911370     
          28          29  0.97187515948735959     
          28          30   1.3709844782718241     
          30          31  0.97157325073983747     
          26          32  0.11383091711868464     
          30          32   1.5028874774863772     
          32          33  0.96752347712816755     
          20          34   1.2018750181172742     
          25          34   1.2502807532531672     
          32          34   1.3292485136722081     
