   -0.37035180
    0.35669275
   -0.37647928
    0.36095384
   -0.03934549
    0.08252815
    0.07879509
   -0.17273031
    0.22842838
    0.26717520
   -0.45314905
   -0.02551588
    0.08230845
    0.08065670
   -0.17279334
    0.18183122
    0.26908412
   -0.44180383
    0.03501914
   -0.34121473
    0.15167884
    0.16325687
    0.03350002
   -0.06873418
    0.05013498
    0.03408643
    0.01310785
   -0.03788128
    0.03265559
   -0.02981056
    0.03307153
   -0.03114879
    0.03269961
   -0.02872049
    0.03264969
   -0.03744306
    0.02680762
