           1           2   1.7829491925932892     
           1           3  0.18034670215202944     
           2           3   1.1851921136467647     
           3           4  0.78711110026496800     
           2           5  0.92687213540706981     
           5           6  0.97275531460475007     
           5           7  0.95443400130196265     
           5           8  0.98982519134907854     
           8           9  0.88519724925926568     
           8          10   1.3234937387067178     
           8          11  0.20420749900943866     
          10          11   1.6143702437301397     
          10          12  0.94213927272897091     
          12          13  0.95910347165988141     
          12          14  0.97148102218007137     
          12          15  0.98672862449325449     
          15          16  0.93898172596087459     
          15          17   1.2640889013268295     
          15          18  0.18691372837205353     
          17          18   1.6469545805623877     
          17          19  0.95286563345989939     
          19          20   1.0346793164152877     
          20          21  0.95472172028067659     
          20          22  0.95439603763835912     
          19          23  0.95952778117369875     
          19          24  0.92957958987849021     
          24          25  0.97314015992843217     
          24          26  0.97109517339944196     
          24          27   1.0138850846827563     
          27          28   1.4106087279001318     
          28          29  0.96853130495616901     
          28          30   1.4401404478166693     
          30          31  0.97102737719567900     
          27          32  0.10845570274362633     
          30          32   1.4425695836900088     
          32          33  0.97138095679244230     
          28          34  0.10971619236251340     
          32          34   1.4338826266245073     
          34          35  0.97106173182677813     
          27          36   1.4059999539083718     
          30          36  0.11173658750759277     
          34          36   1.4506091211277412     
          36          37  0.96960996132588573     
