           2           7  0.19525139234193553     
           3           8  0.20338963913866082     
           4           9  0.19338082044023860     
           5          10  0.19862188844672701     
           6          11  0.19325121886339239     
           1          12  0.19511597641205675     
           1          13   1.6572955181027333     
          12          13   1.2621903983423011     
           7          14  0.96858963733931835     
          13          14  0.93315323263156325     
          14          15  0.98067119618699949     
          15          16   1.0045353822109153     
           7          17  0.97704605679687384     
          16          17   1.0041721772941246     
           2          18   1.6118796385422642     
           7          18   1.2996884387319552     
           8          19  0.97598898220460206     
          18          19  0.93095299011609234     
          19          20   1.0006848817073897     
           3          21   1.6244702300291685     
           8          21   1.3236135784600265     
           9          22  0.99196867841205949     
          21          22  0.92132718286788151     
          22          23  0.99706759576637161     
           4          24   1.6994473614136705     
           9          24   1.2385274349531401     
          10          25  0.97530154758311127     
          24          25  0.93240526537268831     
          25          26  0.99822058441326988     
           5          27   1.6126715182788161     
          10          27   1.3255068415758311     
          11          28  0.97161348365616840     
          27          28  0.92596976251489493     
          28          29   1.0090858503642122     
           6          30   1.6439864306627543     
          11          30   1.2905373426526832     
          12          31  0.96553958987322641     
          30          31  0.93810811055344934     
          31          32  0.98000875665457088     
          32          33   1.0039094314566381     
          12          34  0.98117603884905025     
          33          34   1.0033056916376075     
          14          35  0.95723659275305895     
          15          36  0.97816986179704180     
          15          37  0.97752975128232811     
          16          38  0.97653700879697802     
          16          39  0.97674939201138922     
          17          40  0.96556595658480815     
          17          41  0.94725804157369820     
           8          42  0.85574871025398680     
          19          43  0.95612895369671891     
          20          44  0.98534275676442151     
          20          45  0.98394319000996289     
          20          46  0.97678882996859040     
           9          47  0.92715488633361165     
          22          48  0.94393351610755516     
          23          49  0.98535281362549176     
          23          50  0.97872364837201409     
          23          51  0.98471049286309009     
          10          52  0.89962365215542828     
          25          53  0.95222984196907645     
          26          54  0.98435161359767387     
          26          55  0.98335103497616261     
          26          56  0.98083740017280674     
          11          57  0.90103969357593128     
          28          58  0.95242156083121432     
          29          59  0.98160775449026727     
          29          60  0.97925489181940018     
          29          61  0.98577420562615692     
          31          62  0.95473080619190287     
          32          63  0.97706227697137016     
          32          64  0.97641182476256638     
          33          65  0.97895567369895964     
          33          66  0.97674617288631005     
          34          67  0.96573843069615406     
          34          68  0.97117089096286913     
