   -0.38213881
    0.35960130
   -0.37842417
    0.36461279
   -0.03899544
    0.07383593
    0.08245712
   -0.17412068
    0.23274092
    0.26862353
   -0.45211876
   -0.02449965
    0.08207105
    0.07335231
   -0.16439584
    0.20287823
    0.26800628
   -0.44836858
    0.03309688
   -0.35312590
    0.14287214
    0.15134776
    0.03388780
   -0.07011971
    0.04690863
    0.04971351
    0.00318246
   -0.04289293
    0.02393984
   -0.03135362
    0.04400222
   -0.03085021
    0.05201187
   -0.02847646
    0.03502263
   -0.03457250
    0.03028807
