           1           2   1.7658870886945430     
           1           3  0.18075385999066251     
           2           3   1.2011888878964823     
           3           4  0.76282479585074114     
           2           5  0.92887008108748459     
           5           6  0.94796747584704599     
           5           7  0.97296894052098848     
           5           8  0.98980197045992702     
           8           9  0.87132924500211761     
           8          10   1.3407466236217631     
           8          11  0.20471162600688275     
          10          11   1.6005530095245786     
          10          12  0.94396151394572558     
          12          13  0.97230220582631965     
          12          14  0.95176187441228099     
          12          15  0.99415175937819011     
          15          16  0.92567881659287454     
          15          17   1.2871858723605571     
          15          18  0.19304484531291885     
          17          18   1.6379295540929772     
          17          19  0.94606723766998990     
          19          20   1.0108306834847720     
          20          21  0.96510017773294177     
          20          22  0.96110253961424696     
          19          23  0.95891873788682003     
          19          24  0.96148765297425542     
          24          25  0.96767322301923242     
          24          26  0.97243965028580948     
          24          27   1.0065943782879443     
          27          28   1.4149857543292246     
          28          29  0.96888398495917027     
          28          30   1.4430928406061525     
          30          31  0.96914034074660182     
          27          32  0.11030513579667982     
          30          32   1.4387952010810365     
          32          33  0.96871269471316612     
          28          34  0.10994463516283676     
          32          34   1.4381441035668789     
          34          35  0.97085524190931083     
          27          36   1.4121048256888014     
          30          36  0.11222061860008585     
          34          36   1.4466275794150274     
          36          37  0.96970686150541563     
