   -0.47520452
   -0.43844344
   -0.47306581
   -0.42104896
   -0.47723697
   -0.44220279
   -0.08661905
   -0.17266214
   -0.18476154
   -0.17468272
   -0.18424782
   -0.08169671
    0.25867263
    0.01913875
   -0.05816672
   -0.06214406
    0.00073161
    0.25839380
    0.02842136
   -0.11823469
    0.27355517
    0.02011166
   -0.11844336
    0.27527223
    0.02912341
   -0.11568807
    0.27108728
    0.02458150
   -0.11764546
    0.27488750
    0.01875682
   -0.06050875
   -0.06413488
   -0.00362828
    0.05790885
    0.04342191
    0.04950743
    0.04561505
    0.05032482
    0.07623782
    0.05651540
    0.18934126
    0.06545578
    0.06463704
    0.06631449
    0.05325187
    0.18934649
    0.07576884
    0.05427735
    0.04846659
    0.06293672
    0.22947583
    0.06077725
    0.04973497
    0.04992448
    0.07170193
    0.21259295
    0.06556736
    0.05134062
    0.05059877
    0.07007237
    0.06317667
    0.04221838
    0.07134058
    0.04849074
    0.07801597
    0.07210859
    0.04126788
