           2           7  0.20135858980359100     
           3           8  0.19053540343420081     
           4           9  0.18726172987063799     
           5          10  0.20231456022315691     
           6          11  0.19935971516011081     
           1          12  0.19536689082503272     
           1          13   1.5906767439733929     
          12          13   1.3104547119782723     
           7          14  0.98165144546705863     
          13          14  0.94111173915680801     
          14          15  0.97605997331836569     
          15          16   1.0033472600531737     
           7          17  0.97491786853918039     
          16          17   1.0070859026387371     
           2          18   1.6684163629130724     
           7          18   1.2679183831967868     
           8          19  0.96481281395817675     
          18          19  0.92785877842836928     
          19          20   1.0002905443620884     
           3          21   1.6430261768253853     
           8          21   1.2920090288136701     
           9          22  0.99608195547526235     
          21          22  0.92427556235488706     
          22          23  0.99825852632642098     
           4          24   1.7101656034157522     
           9          24   1.2288151360387169     
          10          25  0.97871529440008076     
          24          25  0.92912116948325862     
          25          26  0.99718131196181914     
           5          27   1.6300217179920424     
          10          27   1.3208072416158720     
          11          28  0.97310314005543719     
          27          28  0.92419888110062398     
          28          29  0.99216673442232184     
           6          30   1.6355894075670794     
          11          30   1.3110460936989963     
          12          31  0.95934897872174951     
          30          31  0.92226040847301316     
          31          32  0.99836616378871745     
          32          33   1.0044672750030659     
          12          34  0.97747380012609764     
          33          34   1.0034659138471227     
          14          35  0.94546791590562007     
          15          36  0.97561630019765655     
          15          37  0.97816741563803955     
          16          38  0.97879116017627488     
          16          39  0.97659895666638041     
          17          40  0.96619650869659668     
          17          41  0.96625189234380193     
           8          42  0.93124550964799191     
          19          43  0.94682385777010569     
          20          44  0.98104963627322594     
          20          45  0.97702391325014593     
          20          46  0.98246958190257527     
           9          47  0.92852166320183893     
          22          48  0.93967013196641003     
          23          49  0.98138497478309072     
          23          50  0.98529760017030110     
          23          51  0.98234370351761036     
          10          52  0.87687332843577404     
          25          53  0.95396269513432108     
          26          54  0.98473030218689095     
          26          55  0.98411987577816162     
          26          56  0.98122593226351362     
          11          57  0.89644614052866589     
          28          58  0.96498264517244126     
          29          59  0.98375946984096663     
          29          60  0.98371527452032348     
          29          61  0.97960691291821234     
          31          62  0.95235212731854080     
          32          63  0.97805005662780387     
          32          64  0.97127161154944852     
          33          65  0.97830323730132140     
          33          66  0.97469351224168532     
          34          67  0.95939074460092344     
          34          68  0.96616367020404958     
