   -0.37512005
    0.35793772
   -0.37832790
    0.36497327
   -0.03951170
    0.07540287
    0.07755816
   -0.16398321
    0.20546093
    0.26183736
   -0.46016453
    0.03208164
    0.04065095
   -0.35681241
    0.14380607
    0.15572433
   -0.06035968
    0.05742218
    0.04331480
   -0.03096604
   -0.01055503
    0.03024905
   -0.10658670
    0.15835857
    0.04419852
   -0.05292085
    0.02382358
   -0.03495961
    0.02982015
   -0.04013444
    0.02982286
   -0.03622858
    0.03375957
   -0.01957186
