           1           2   1.2013152143421415     
           1           3  0.18291986548388783     
           2           3   1.7726622712252591     
           1           4  0.76905907578293997     
           2           5  0.92472172321887280     
           5           6  0.95242278109990608     
           5           7  0.97392653505200266     
           5           8  0.99149295312429642     
           8           9  0.91393354637054680     
           8          10   1.3073279685247245     
           8          11  0.19265592266612624     
          10          11   1.6031383463137507     
          10          12  0.95299701994298502     
          12          13  0.95319125790167247     
          12          14   1.0147278032187454     
          14          15  0.96581831935863593     
          14          16  0.95261149100937104     
          12          17  0.95386709570938133     
          17          18  0.96635130227484378     
          17          19  0.97437914467556719     
          17          20   1.0169487239836614     
          20          21   1.5777842078697617     
          21          22  0.96939425122323264     
          21          23   1.1940465495309582     
          23          24  0.94720393579004314     
          23          25   1.1735825492568566     
          25          26   1.3374337865707515     
          26          27  0.96857195268610319     
          26          28   1.4945620577347885     
          28          29  0.97195518413118021     
          28          30   1.3713805110072339     
          30          31  0.97161214031334242     
          26          32  0.11454417838476842     
          30          32   1.5058969982737289     
          32          33  0.96834031022390854     
          20          34   1.2004008003330584     
          25          34   1.2519871421767506     
          32          34   1.3308039486431420     
