   -0.37573049
    0.35843402
   -0.37749454
    0.36439774
   -0.03810609
    0.08172828
    0.07336683
   -0.17307889
    0.22905299
    0.26697190
   -0.45220403
   -0.02319816
    0.08061790
    0.07839188
   -0.18108604
    0.18352018
    0.25762376
   -0.45123131
    0.03388328
   -0.33309769
    0.16045451
    0.14516322
    0.03875864
   -0.07288175
    0.06750533
    0.05177094
    0.00167345
   -0.04706547
    0.02858695
   -0.03315543
    0.03179382
   -0.03146219
    0.03693634
   -0.02991716
    0.05526574
   -0.03912764
    0.03293919
