           1           2   1.7764683963178567     
           1           3  0.18098415284074734     
           2           3   1.1934289914449387     
           3           4  0.77155562360353236     
           2           5  0.92617501065937224     
           5           6  0.97362025516892337     
           5           7  0.95367969985894507     
           5           8  0.98928933750533365     
           8           9  0.88175906659739700     
           8          10   1.3290240545678746     
           8          11  0.20407540943227978     
          10          11   1.6093588581836140     
          10          12  0.94350753513388430     
          12          13  0.95611321780761072     
          12          14  0.97158569108816129     
          12          15  0.98963202504716352     
          15          16  0.92845532577577694     
          15          17   1.2663423720667324     
          15          18  0.18546657856237800     
          17          18   1.6407080474814462     
          17          19  0.93955034877218291     
          19          20   1.0310640791700656     
          20          21  0.95639609776397094     
          20          22  0.96304779214235425     
          19          23  0.95730361590170676     
          19          24  0.95231471379154664     
          24          25  0.96119310594634888     
          24          26  0.97364965714277263     
          24          27   1.0137781747373751     
          27          28   1.4009488571417164     
          28          29  0.96906170566686423     
          28          30   1.4477390578298832     
          30          31  0.97100884529574294     
          27          32  0.10940469689905191     
          30          32   1.4351195985362377     
          32          33  0.97103357215953356     
          28          34  0.11155879043082000     
          32          34   1.4411643862266623     
          34          35  0.96634342263032047     
          27          36   1.4144045978697015     
          30          36  0.11002980484851241     
          34          36   1.4417764341602020     
          36          37  0.96774601480070754     
