           2           7  0.18947609844901789     
           3           8  0.19592988013584858     
           4           9  0.19598888176133039     
           5          10  0.19967894443222048     
           6          11  0.19567003519513737     
           1          12  0.19366124195184165     
           1          13   1.6540704492437568     
          12          13   1.2619521321346925     
           7          14  0.96257126337147403     
          13          14  0.93632725654664184     
          14          15  0.98186441582604767     
          15          16   1.0034729693247759     
           7          17  0.97284708240722362     
          16          17   1.0052224723097678     
           2          18   1.5855921643958057     
           7          18   1.3120274064365536     
           8          19  0.97161285909880180     
          18          19  0.93043180724677543     
          19          20   1.0053546829697659     
           3          21   1.6605038638125384     
           8          21   1.2859776791138875     
           9          22  0.98813678883342526     
          21          22  0.92693044581639916     
          22          23  0.99679704274210312     
           4          24   1.6967033656991171     
           9          24   1.2458615362178058     
          10          25  0.97092092964010512     
          24          25  0.93226233013956872     
          25          26  0.99736870004513889     
           5          27   1.6229475729024334     
          10          27   1.3170975572568862     
          11          28  0.97313905336968787     
          27          28  0.91898075567363424     
          28          29   1.0088873320217182     
           6          30   1.6279048249208152     
          11          30   1.3089701885623601     
          12          31  0.97211093234502033     
          30          31  0.93386323665423998     
          31          32  0.97999219258784720     
          32          33   1.0057652186057773     
          12          34  0.97971518064320096     
          33          34   1.0029066875990704     
          14          35  0.95691760475319509     
          15          36  0.97849001295079197     
          15          37  0.97393087516404009     
          16          38  0.97946622813032636     
          16          39  0.97640788949455626     
          17          40  0.96988906985822254     
          17          41  0.94823433993170159     
           8          42  0.87253981383251544     
          19          43  0.95798033649148329     
          20          44  0.98368634080691264     
          20          45  0.98425621776117800     
          20          46  0.97792291405021692     
           9          47  0.93023438018317017     
          22          48  0.93959145015528256     
          23          49  0.98014906397748436     
          23          50  0.98541916313593769     
          23          51  0.98606977019980135     
          10          52  0.89925599015595492     
          25          53  0.95065133561724902     
          26          54  0.98394918101883899     
          26          55  0.98352788866935070     
          26          56  0.98225728954373048     
          11          57  0.88361151211311373     
          28          58  0.95457259887855139     
          29          59  0.97603399403971647     
          29          60  0.98562464906305247     
          29          61  0.98196155009989206     
          31          62  0.95061520819348477     
          32          63  0.97648185871339255     
          32          64  0.97486569216019847     
          33          65  0.97745093192969257     
          33          66  0.97832436210828133     
          34          67  0.96726559701087367     
          34          68  0.96914132338990200     
