           2           7  0.20089402297416725     
           3           8  0.18939794070148674     
           4           9  0.18482473953358824     
           5          10  0.20180385777400769     
           6          11  0.19933932882574742     
           1          12  0.19532343768393570     
           1          13   1.5930687022098891     
          12          13   1.3083765833742120     
           7          14  0.98314212802867695     
          13          14  0.93861939458409327     
          14          15  0.97606727985052633     
          15          16   1.0048094937193348     
           7          17  0.97418056339484727     
          16          17   1.0081946756129847     
           2          18   1.6696083079883710     
           7          18   1.2671474649248164     
           8          19  0.96471944946322297     
          18          19  0.92794806211780723     
          19          20   1.0002120686528972     
           3          21   1.6405503109356385     
           8          21   1.2927933904446356     
           9          22  0.99576704188365173     
          21          22  0.92435657592558129     
          22          23  0.99905104536174660     
           4          24   1.7123815288718329     
           9          24   1.2241027144802497     
          10          25  0.97939813390580832     
          24          25  0.92894825230983902     
          25          26  0.99672380249313952     
           5          27   1.6297725455924019     
          10          27   1.3207973934897226     
          11          28  0.97320743368747442     
          27          28  0.92425825883428236     
          28          29  0.99216897097626489     
           6          30   1.6361039336450096     
          11          30   1.3102361358973285     
          12          31  0.96003641902732662     
          30          31  0.92208390991977096     
          31          32  0.99823669565517192     
          32          33   1.0043605685824992     
          12          34  0.97727327551115950     
          33          34   1.0027373029900173     
          14          35  0.94598184967077625     
          15          36  0.97813352368631579     
          15          37  0.97464933650532593     
          16          38  0.97669782704904762     
          16          39  0.97752533661231111     
          17          40  0.96691198988105542     
          17          41  0.96795999482065553     
           8          42  0.93124711160446005     
          19          43  0.94715725994351596     
          20          44  0.98242297603357809     
          20          45  0.98121375279608181     
          20          46  0.97747500706469870     
           9          47  0.92893201597507291     
          22          48  0.93900009373510351     
          23          49  0.98123822702655983     
          23          50  0.98535170040345110     
          23          51  0.98222552084951309     
          10          52  0.87741849511193293     
          25          53  0.95436661967967540     
          26          54  0.98459758852458268     
          26          55  0.98419819710363110     
          26          56  0.98120434960044123     
          11          57  0.89698566786860789     
          28          58  0.96514624273770622     
          29          59  0.98373739188099052     
          29          60  0.98374713113598422     
          29          61  0.97969568651830641     
          31          62  0.95242668857383173     
          32          63  0.97822126769313544     
          32          64  0.97145034245456663     
          33          65  0.97877908188260931     
          33          66  0.97520798889078486     
          34          67  0.95734234786689043     
          34          68  0.96690600013826300     
