   -0.37197131
    0.35760583
   -0.36783393
    0.36246116
   -0.04194812
    0.08004081
    0.07963693
   -0.16983325
    0.18985948
    0.26771449
   -0.45031147
   -0.02731930
    0.11328514
    0.07861547
   -0.19178819
    0.16757283
    0.25855731
   -0.42574217
    0.03427281
   -0.33352009
    0.16245399
    0.14117470
    0.02768723
   -0.07215964
    0.06355280
    0.06000627
    0.00510362
   -0.04532416
    0.03927958
   -0.03618394
    0.05063355
   -0.03599619
    0.03779089
   -0.03244040
    0.03399586
   -0.04214323
    0.03321464
