           1           2   1.7780543953643895     
           1           3  0.18212618454051868     
           2           3   1.1944032963030318     
           3           4  0.78866081418394396     
           2           5  0.92486478428688601     
           5           6  0.95557537881441679     
           5           7  0.96783491574717218     
           5           8  0.98905382608077186     
           8           9  0.91348216834529083     
           8          10   1.2921268390859248     
           8          11  0.19279083703182839     
          10          11   1.6196022672204049     
          10          12  0.96478027538257138     
          12          13  0.93391721542009032     
          12          14  0.95243319727331255     
          12          15   1.0000861458007557     
          15          16  0.94161014878475457     
          15          17   1.2231832737265718     
          15          18  0.19193268632431529     
          17          18   1.7020502702677636     
          17          19  0.93452713527270737     
          19          20   1.0189652346709408     
          20          21  0.95679439305009240     
          20          22  0.96463071369099374     
          19          23  0.96342808757345400     
          19          24  0.95875680918947637     
          24          25  0.96491692339768353     
          24          26  0.97036070340784653     
          24          27   1.0131618828336904     
          27          28   1.4079915786875565     
          28          29  0.96829554891008129     
          28          30   1.4354295800591794     
          30          31  0.96883069348983586     
          27          32  0.10977927019295707     
          30          32   1.4330650445679554     
          32          33  0.96970849237102341     
          28          34  0.10959983893204281     
          32          34   1.4377732460617629     
          34          35  0.97087006300669065     
          27          36   1.4119291054681726     
          30          36  0.11087449216070130     
          34          36   1.4457783158426163     
          36          37  0.96927639729355519     
