           2           7  0.19488302280714809     
           3           8  0.20403823333096963     
           4           9  0.19441468814486085     
           5          10  0.19723422270821173     
           6          11  0.19705925609014624     
           1          12  0.19569321962719205     
           1          13   1.6468052987636370     
          12          13   1.2715995882129847     
           7          14  0.96016783099096192     
          13          14  0.93701203891455043     
          14          15  0.98337351519346017     
          15          16   1.0032953734954473     
           7          17  0.97958959074640162     
          16          17   1.0057604401218365     
           2          18   1.6052215968071282     
           7          18   1.3017786065988564     
           8          19  0.97699596348694118     
          18          19  0.93300061741548090     
          19          20   1.0024144301686573     
           3          21   1.6468686444504461     
           8          21   1.3083169133857979     
           9          22  0.99041798019820471     
          21          22  0.91793737251259755     
          22          23  0.99989395966107009     
           4          24   1.7000647346388948     
           9          24   1.2399310066303613     
          10          25  0.97466540898530429     
          24          25  0.93102322258210102     
          25          26  0.99858279084585699     
           5          27   1.6121866485887366     
          10          27   1.3209015435277589     
          11          28  0.97389624192930491     
          27          28  0.92903738538431302     
          28          29   1.0073491220559241     
           6          30   1.6613082407922330     
          11          30   1.2809852890311557     
          12          31  0.96857337548018563     
          30          31  0.93079971935398231     
          31          32  0.98163374523252322     
          32          33   1.0054472170836850     
          12          34  0.97881091002487175     
          33          34   1.0027636993849065     
          14          35  0.95794636703104630     
          15          36  0.97890270661884882     
          15          37  0.97413103068782936     
          16          38  0.97853665997847772     
          16          39  0.97612511381547962     
          17          40  0.95927291675225312     
          17          41  0.96299826095367114     
           8          42  0.85616226359703307     
          19          43  0.94850485368450010     
          20          44  0.98331072319997548     
          20          45  0.97623401113820463     
          20          46  0.98545623189879439     
           9          47  0.92639909463751557     
          22          48  0.94417312757141836     
          23          49  0.98541523561585198     
          23          50  0.97826455543809365     
          23          51  0.98438737929363851     
          10          52  0.91703775089817496     
          25          53  0.95254549738376826     
          26          54  0.98391459996830100     
          26          55  0.98331980191699520     
          26          56  0.98038237931720662     
          11          57  0.90102373540262937     
          28          58  0.94923506797996693     
          29          59  0.98568490715258983     
          29          60  0.98144572232996108     
          29          61  0.98081061470108666     
          31          62  0.95470454864707333     
          32          63  0.97675018484616327     
          32          64  0.97564777012592696     
          33          65  0.97704273537326591     
          33          66  0.97710925470802379     
          34          67  0.96410251261724111     
          34          68  0.96862274304764107     
