   -0.37911762
    0.35592086
   -0.37241627
    0.35134657
   -0.04256659
    0.07837288
    0.10960217
   -0.17569805
    0.19997695
    0.27099717
   -0.41592955
   -0.02556301
    0.06431200
    0.07888660
   -0.15382948
    0.20958222
    0.26692323
   -0.48318779
    0.03371673
   -0.35183156
    0.14682172
    0.15359908
    0.03585728
   -0.06609350
    0.05437122
    0.04943023
    0.00952712
   -0.03747283
    0.03728341
   -0.03114544
    0.03378996
   -0.03286202
    0.03320678
   -0.03124503
    0.03223141
   -0.03948446
    0.03268761
