           1           2   1.7704364035593967     
           1           3  0.17323656717438898     
           2           3   1.1770325470136829     
           3           4  0.79862754457920426     
           2           5  0.93752354005849436     
           5           6  0.94922861984695994     
           5           7  0.94475131149523706     
           5           8   1.0045577619441612     
           8           9  0.91812521162595695     
           8          10   1.2610915827598896     
           8          11  0.20599760991759006     
          10          11   1.7031556354336457     
          10          12  0.92930040258953672     
          12          13  0.96315157017278186     
          12          14  0.97137788238673450     
          12          15  0.98869789280754894     
          15          16  0.91440979377805742     
          15          17   1.3217492535958772     
          15          18  0.18740387395784938     
          17          18   1.5862441976020110     
          17          19  0.95121886776705689     
          19          20   1.0164015427538469     
          20          21  0.96360348058969925     
          20          22  0.95837716893359126     
          19          23  0.95323990193134445     
          19          24  0.95435486358375576     
          24          25  0.97220545826605764     
          24          26  0.96683426067736111     
          24          27   1.0123553357715549     
          27          28   1.4141514026633228     
          28          29  0.96860912319615156     
          28          30   1.4432522890358994     
          30          31  0.97101564602492019     
          27          32  0.11007720038702354     
          30          32   1.4402652755341157     
          32          33  0.97134296982880142     
          28          34  0.11059794178641852     
          32          34   1.4365214987008845     
          34          35  0.97105993456327100     
          27          36   1.4105345437573862     
          30          36  0.11139443265530963     
          34          36   1.4474507664779088     
          36          37  0.96885429083706687     
