   -0.37188835
    0.35710346
   -0.37549948
    0.36181130
   -0.03906547
    0.07706508
    0.08219517
   -0.17225385
    0.22830900
    0.26668910
   -0.45322725
   -0.02231213
    0.07778704
    0.07928538
   -0.17572650
    0.17930640
    0.26057708
   -0.44737829
    0.03472513
   -0.33458393
    0.16273966
    0.14707164
    0.03787954
   -0.07151428
    0.03545656
    0.06731367
    0.01244594
   -0.03620705
    0.04229432
   -0.02820562
    0.03385984
   -0.03037395
    0.03258327
   -0.02903831
    0.02981856
   -0.03893866
    0.01989599
