           1           2   1.7806996428332189     
           1           3  0.18105143360538334     
           2           3   1.1895777121256901     
           3           4  0.78252139026403678     
           2           5  0.92618149683150786     
           5           6  0.95351480615023010     
           5           7  0.97306758718424191     
           5           8  0.99013564917324037     
           8           9  0.88344246062085563     
           8          10   1.3277690189183997     
           8          11  0.20510665598983785     
          10          11   1.6114277326910442     
          10          12  0.94244728103462438     
          12          13  0.97177481910863350     
          12          14  0.95785959094476336     
          12          15  0.98765503400248777     
          15          16  0.94060103377217874     
          15          17   1.2608237586109554     
          15          18  0.18559395650877700     
          17          18   1.6506342870961581     
          17          19  0.93671874582453651     
          19          20   1.0357397438077172     
          20          21  0.95157742347294494     
          20          22  0.96217154437735319     
          19          23  0.95495802810406394     
          19          24  0.95211000327001249     
          24          25  0.97334299183584705     
          24          26  0.96723742034360050     
          24          27   1.0121520853626782     
          27          28   1.4119981786151663     
          28          29  0.96738803291124176     
          28          30   1.4444671225601975     
          30          31  0.97098650507727358     
          27          32  0.10985102327279643     
          30          32   1.4390238713407748     
          32          33  0.97139682188008125     
          28          34  0.11096338843204658     
          32          34   1.4381923879419718     
          34          35  0.97125890378760826     
          27          36   1.4120776228877059     
          30          36  0.11087995380652840     
          34          36   1.4453438276339883     
          36          37  0.96920218137590164     
