   -0.37442592
    0.35835565
   -0.37901062
    0.36419335
   -0.03797967
    0.07333446
    0.08204787
   -0.17361400
    0.23112346
    0.26672457
   -0.45358086
   -0.02305462
    0.07669157
    0.07978083
   -0.17717041
    0.18253594
    0.25828348
   -0.44842228
    0.02733994
   -0.33825794
    0.14442017
    0.14296729
    0.06656971
   -0.07344072
    0.05270617
    0.06660128
    0.00378451
   -0.04639129
    0.03655148
   -0.03392510
    0.03102530
   -0.03171858
    0.03602353
   -0.03157354
    0.05405395
   -0.03998659
    0.02743763
