           1           2   1.7785263420768285     
           1           3  0.18072576119560954     
           2           3   1.1911566829600555     
           3           4  0.77113858327627938     
           2           5  0.92633518230494372     
           5           6  0.95331688271903015     
           5           7  0.97351283516420883     
           5           8  0.98939673643427328     
           8           9  0.87773480307325835     
           8          10   1.3323513481511515     
           8          11  0.20466047419446223     
          10          11   1.6069218378679153     
          10          12  0.94276492858969507     
          12          13  0.97160014744739320     
          12          14  0.95621087870150046     
          12          15  0.99199124659908411     
          15          16  0.92794454973620555     
          15          17   1.2612239062339401     
          15          18  0.18577652230396297     
          17          18   1.6450113560711943     
          17          19  0.94104960882173305     
          19          20   1.0227384700885926     
          20          21  0.95427298943699845     
          20          22  0.96480386863954948     
          19          23  0.95714686711380370     
          19          24  0.95299196078604731     
          24          25  0.97210263220051840     
          24          26  0.96499017880595994     
          24          27   1.0154862549420351     
          27          28   1.4072769063711610     
          28          29  0.96676001075631679     
          28          30   1.4422617637672792     
          30          31  0.97104569068933788     
          27          32  0.10920843232432272     
          30          32   1.4403410878283078     
          32          33  0.97108023911544550     
          28          34  0.11066233052240826     
          32          34   1.4359977802807393     
          34          35  0.96568065247643076     
          27          36   1.4070549101364118     
          30          36  0.11088712861781591     
          34          36   1.4472956440815861     
          36          37  0.96818738983194996     
