   -0.37371429
    0.35785709
   -0.37392792
    0.36314668
   -0.03914519
    0.08499765
    0.08108371
   -0.15373527
    0.18817156
    0.28504185
   -0.44907421
   -0.01070127
    0.05674643
    0.07289583
   -0.18123368
    0.18234114
    0.26440454
   -0.44409434
    0.03320082
   -0.33521195
    0.15834356
    0.14472545
    0.03847621
   -0.07300091
    0.06850697
    0.04996968
    0.00429392
   -0.04249605
    0.03314026
   -0.03205563
    0.03144197
   -0.03431105
    0.03111938
   -0.03209538
    0.03455812
   -0.04388331
    0.05421761
