           1           2   1.7770107815967096     
           1           3  0.18251289721026726     
           2           3   1.1966636599153067     
           3           4  0.77520842922138433     
           2           5  0.92809988314084813     
           5           6  0.95069232645233259     
           5           7  0.97400670728887118     
           5           8  0.98396620244921362     
           8           9  0.93643487321696206     
           8          10   1.2990787563795858     
           8          11  0.18823634347135662     
          10          11   1.6153853624127981     
          10          12  0.95056496568722570     
          12          13  0.96505083474907027     
          12          14  0.96159623741010014     
          12          15  0.99398333381041637     
          15          16  0.92844354638000159     
          15          17   1.2397546909159907     
          15          18  0.18534471035337519     
          17          18   1.6767119700175477     
          17          19  0.93978467005742439     
          19          20   1.0302899944460453     
          20          21  0.95754692329917979     
          20          22  0.96290885327333786     
          19          23  0.95654148823269436     
          19          24  0.95156144416387245     
          24          25  0.96189872500780549     
          24          26  0.97393344949105587     
          24          27   1.0150001870382988     
          27          28   1.4050473410724824     
          28          29  0.96905566493762607     
          28          30   1.4505085216941560     
          30          31  0.97108893793981255     
          27          32  0.10903857178987214     
          30          32   1.4339191593082152     
          32          33  0.97142186610335379     
          28          34  0.11143605889490479     
          32          34   1.4420440777292751     
          34          35  0.97089835163466864     
          27          36   1.4080163105755208     
          30          36  0.10996831952398656     
          34          36   1.4401610477758888     
          36          37  0.96479873967932250     
