   -0.38202711
    0.35462329
   -0.36529308
    0.36387583
   -0.04398867
    0.07666782
    0.10757251
   -0.16685355
    0.17781448
    0.28106276
   -0.42012547
   -0.01917438
    0.05159292
    0.07521399
   -0.15621450
    0.20482131
    0.27551925
   -0.47103309
    0.03442131
   -0.35111312
    0.14777596
    0.15112986
    0.03411451
   -0.06699842
    0.05439554
    0.04938749
    0.01048626
   -0.03788065
    0.03832060
   -0.03168451
    0.03266026
   -0.03369238
    0.03183411
   -0.03194069
    0.03046034
   -0.03963462
    0.03390383
