           1           2   1.7651295028785765     
           1           3  0.17701502633907956     
           2           3   1.1881040578750757     
           3           4  0.80227181027472627     
           2           5  0.93867382776256947     
           5           6  0.95903277534759335     
           5           7  0.93971319188741309     
           5           8  0.99817410492989267     
           8           9  0.93812554389455094     
           8          10   1.2517316885591123     
           8          11  0.19957133625931728     
          10          11   1.7000807292754123     
          10          12  0.93770667905925009     
          12          13  0.96302527479712030     
          12          14  0.96405529041490534     
          12          15  0.99380138545307206     
          15          16  0.91779148347320216     
          15          17   1.3004800365393343     
          15          18  0.19529917281532314     
          17          18   1.6190438621192498     
          17          19  0.94905835947410677     
          19          20   1.0165552178600217     
          20          21  0.96311083134200415     
          20          22  0.95957591358817396     
          19          23  0.95363010453980201     
          19          24  0.95519660354252456     
          24          25  0.97245997621510316     
          24          26  0.96687197300210137     
          24          27   1.0126797523925481     
          27          28   1.4134996228513514     
          28          29  0.96862644245893270     
          28          30   1.4435256134009151     
          30          31  0.97107942714255313     
          27          32  0.11007981516151900     
          30          32   1.4400056324347073     
          32          33  0.97143384316605208     
          28          34  0.11046445277840743     
          32          34   1.4363819704498857     
          34          35  0.97114428200547365     
          27          36   1.4102844036590800     
          30          36  0.11125792029686801     
          34          36   1.4474758347825953     
          36          37  0.96882331338888805     
