   -0.37059923
    0.35819446
   -0.37243930
    0.36206840
   -0.03856163
    0.08154157
    0.07298232
   -0.17082099
    0.22727133
    0.26699468
   -0.45115234
   -0.02352676
    0.07957279
    0.08048558
   -0.17682268
    0.17959576
    0.25540105
   -0.44603227
    0.03531366
   -0.32963631
    0.16222777
    0.14194371
    0.03529268
   -0.06733408
    0.05786011
    0.03402848
    0.01409092
   -0.03424755
    0.04898655
   -0.02846831
    0.03408933
   -0.03171243
    0.03187682
   -0.03070934
    0.03070387
   -0.04034058
    0.02188197
