           1           2   1.7803934011268978     
           1           3  0.18194649194233808     
           2           3   1.1939698654633906     
           3           4  0.78072200906352363     
           2           5  0.92433027044273763     
           5           6  0.97355910529070200     
           5           7  0.95288519972948749     
           5           8  0.99020313395234794     
           8           9  0.88698614749962168     
           8          10   1.3278246335181345     
           8          11  0.20567203509468618     
          10          11   1.6121785487610585     
          10          12  0.94326393530292851     
          12          13  0.97157319633865469     
          12          14  0.95505028287138827     
          12          15  0.98849061458958065     
          15          16  0.94035299083000812     
          15          17   1.2624183975135479     
          15          18  0.18700569138764600     
          17          18   1.6489421807254498     
          17          19  0.93663778054925562     
          19          20   1.0349788875456536     
          20          21  0.95457242748468030     
          20          22  0.96463460989649763     
          19          23  0.95735906757690570     
          19          24  0.95022646354053375     
          24          25  0.96865119663029087     
          24          26  0.97328014556694786     
          24          27   1.0090442404146691     
          27          28   1.4090890703739012     
          28          29  0.96753878842349561     
          28          30   1.4481683767966869     
          30          31  0.97092860715729867     
          27          32  0.10930239878166002     
          30          32   1.4366033562347087     
          32          33  0.97142336727551015     
          28          34  0.11205828466908924     
          32          34   1.4405093569695322     
          34          35  0.97122687382811390     
          27          36   1.4159700481491087     
          30          36  0.11037122446723771     
          34          36   1.4421884020190727     
          36          37  0.96937181414419893     
