   -0.37324283
    0.35832056
   -0.37424297
    0.36256905
   -0.03887748
    0.07231845
    0.08169516
   -0.17192686
    0.22960245
    0.26756770
   -0.45217153
   -0.02571719
    0.07847210
    0.08145738
   -0.17025034
    0.20220081
    0.26265592
   -0.44467052
    0.02757833
   -0.35396436
    0.15171928
    0.14707008
    0.05453515
   -0.06333551
    0.03713773
    0.04110525
    0.01479263
   -0.04107284
    0.02200098
   -0.03114558
    0.02932747
   -0.03204029
    0.03152049
   -0.02806821
    0.03444935
   -0.02745058
    0.04008079
