           1           2   1.7779199570179338     
           1           3  0.18183001877590371     
           2           3   1.1951952652883011     
           3           4  0.77681873795782264     
           2           5  0.92548192858286515     
           5           6  0.95232944440919209     
           5           7  0.97354143894854461     
           5           8  0.99025814172235826     
           8           9  0.88191337777059620     
           8          10   1.3312365696563577     
           8          11  0.20533271637132600     
          10          11   1.6088672098755792     
          10          12  0.94289755900773198     
          12          13  0.95369850792495547     
          12          14  0.97153384869286630     
          12          15  0.99305901988518130     
          15          16  0.91957876083246193     
          15          17   1.2847531643849639     
          15          18  0.19510924175556899     
          17          18   1.6431312292060571     
          17          19  0.94584279704260721     
          19          20   1.0155766669208934     
          20          21  0.96164066425394423     
          20          22  0.96407505045434294     
          19          23  0.94306993943127027     
          19          24  0.96617352290318659     
          24          25  0.96651633206541609     
          24          26  0.97557822365562596     
          24          27   1.0087191309898331     
          27          28   1.4104669974929871     
          28          29  0.96897472701727316     
          28          30   1.4477625350783467     
          30          31  0.97131605747773897     
          27          32  0.10979758215456017     
          30          32   1.4360950643626604     
          32          33  0.97144569376654966     
          28          34  0.11113967938436305     
          32          34   1.4407223963490348     
          34          35  0.97095709832601407     
          27          36   1.4162893850377973     
          30          36  0.11082205072970594     
          34          36   1.4425714589821483     
          36          37  0.96822980937710412     
