   -0.37774608
    0.36058748
   -0.37967180
    0.36494816
   -0.03949160
    0.07796674
    0.07280658
   -0.15517713
    0.20341077
    0.26965584
   -0.46036058
    0.03179479
    0.03183804
   -0.35280805
    0.14184869
    0.15067574
   -0.06411123
    0.05408903
    0.04045431
   -0.04050456
   -0.00381432
    0.03137151
   -0.09966419
    0.16068921
    0.04725777
   -0.04701734
    0.02700264
   -0.02859112
    0.03509438
   -0.03534310
    0.03221278
   -0.04191469
    0.01635144
   -0.02384007
