           1           2   1.2036829254324086     
           1           3  0.18197497794943690     
           2           3   1.7700195567273502     
           1           4  0.76297745545873985     
           2           5  0.92441111877509674     
           5           6  0.97445520850247125     
           5           7  0.95074326321439084     
           5           8  0.99161707158343482     
           8           9  0.92433687567876066     
           8          10   1.3106599143789501     
           8          11  0.19267573225563384     
          10          11   1.6040395602938222     
          10          12  0.94963834452158058     
          12          13  0.95889064012694436     
          12          14   1.0117919147104741     
          14          15  0.96539258517906157     
          14          16  0.96140721282116337     
          12          17  0.95657909391486551     
          17          18  0.97067922249598360     
          17          19  0.97118211351730410     
          17          20   1.0124932456395039     
          20          21   1.5780010829660351     
          21          22  0.96990108839156475     
          21          23   1.2030655781624697     
          23          24  0.94651092901915779     
          23          25   1.1751190595465408     
          25          26   1.3360641186815974     
          26          27  0.96836003568422935     
          26          28   1.4979173627675355     
          28          29  0.97158968644754906     
          28          30   1.3684284288806965     
          30          31  0.97139574497027104     
          26          32  0.11427858580274228     
          30          32   1.5084868097602948     
          32          33  0.96763818817719227     
          20          34   1.2036240938898592     
          25          34   1.2512194538312003     
          32          34   1.3264880913565569     
