   -0.37313947
    0.35825991
   -0.37412071
    0.36257541
   -0.03835405
    0.07133068
    0.08139334
   -0.17283250
    0.23003110
    0.26664819
   -0.45309547
   -0.02589057
    0.07999232
    0.08121061
   -0.16632241
    0.20279067
    0.26661678
   -0.44830656
    0.03320076
   -0.35352603
    0.14360679
    0.15202742
    0.03320854
   -0.06784989
    0.04602577
    0.04882938
    0.01066153
   -0.03638281
    0.02411853
   -0.02742407
    0.03281253
   -0.02897964
    0.03470886
   -0.02635817
    0.03501570
   -0.03287375
    0.03039130
