           1           2   1.7780420969597548     
           1           3  0.18188263891580431     
           2           3   1.1954004010391983     
           3           4  0.77672662076177723     
           2           5  0.92519494723594498     
           5           6  0.95246634104744454     
           5           7  0.97365231835326593     
           5           8  0.99045319885177274     
           8           9  0.88144056242818125     
           8          10   1.3310630617192378     
           8          11  0.20516129883736295     
          10          11   1.6081233432498574     
          10          12  0.94279284363326887     
          12          13  0.95414229911141302     
          12          14  0.97105221513553486     
          12          15  0.99399638804872703     
          15          16  0.92147793569025915     
          15          17   1.2847156493209333     
          15          18  0.19426348344971436     
          17          18   1.6439726676703259     
          17          19  0.94506027660725334     
          19          20   1.0112935485880559     
          20          21  0.96506302549261735     
          20          22  0.96040285021789495     
          19          23  0.95827925779674072     
          19          24  0.95976473558034447     
          24          25  0.96846759620177469     
          24          26  0.97288151849565818     
          24          27   1.0080421136749884     
          27          28   1.4136705030807590     
          28          29  0.96923122823572205     
          28          30   1.4447221083863180     
          30          31  0.97107029651790888     
          27          32  0.11013475906518513     
          30          32   1.4390316813903927     
          32          33  0.97128083990705683     
          28          34  0.11116201093924560     
          32          34   1.4386962768207245     
          34          35  0.97096693604219353     
          27          36   1.4144207438345988     
          30          36  0.11143006706239693     
          34          36   1.4453592054629774     
          36          37  0.96954363781331121     
