   -0.45927886
   -0.47988290
   -0.45926514
   -0.42397668
   -0.45083395
   -0.44920072
   -0.08700282
   -0.19701173
   -0.19110200
   -0.16103977
   -0.18508984
   -0.10102270
    0.26571310
    0.02638265
   -0.06081261
   -0.06176454
    0.00073483
    0.25708203
    0.03183753
   -0.11446413
    0.26224532
    0.01882519
   -0.11413141
    0.27767385
    0.03326071
   -0.11361288
    0.27288811
    0.02613273
   -0.11330832
    0.27503817
    0.02007556
   -0.06223582
   -0.06585321
   -0.00262840
    0.04399021
    0.04380021
    0.06328968
    0.04706905
    0.05457009
    0.07519155
    0.05735690
    0.23053477
    0.06305937
    0.05004608
    0.07875984
    0.04789763
    0.19549802
    0.05554086
    0.04978814
    0.04894834
    0.07667238
    0.21062051
    0.04659492
    0.04732430
    0.06765700
    0.06210764
    0.21348401
    0.07414315
    0.06623553
    0.04683202
    0.06387178
    0.07374279
    0.05249243
    0.05822844
    0.05244129
    0.05686471
    0.06683614
    0.04413885
