           2           7  0.19480525884778194     
           3           8  0.20435201292931479     
           4           9  0.19439080922680249     
           5          10  0.19741216000165998     
           6          11  0.19616094200820411     
           1          12  0.19539553254587222     
           1          13   1.6483183334306415     
          12          13   1.2700023368539837     
           7          14  0.96082340985055992     
          13          14  0.93687323445530646     
          14          15  0.98298417631922175     
          15          16   1.0032406544456716     
           7          17  0.97949619975069990     
          16          17   1.0057668678215670     
           2          18   1.6049371845910092     
           7          18   1.3016587685202710     
           8          19  0.97667769949465211     
          18          19  0.93322566705784493     
          19          20   1.0023109450796639     
           3          21   1.6480386283322415     
           8          21   1.3084667156470804     
           9          22  0.99070366425478606     
          21          22  0.91701680573421485     
          22          23  0.99988424892870342     
           4          24   1.6990506939345571     
           9          24   1.2401379627829456     
          10          25  0.97448428761852046     
          24          25  0.93132379011005473     
          25          26  0.99854011166606971     
           5          27   1.6121036114939560     
          10          27   1.3214102414055633     
          11          28  0.97308164947137754     
          27          28  0.92843785800500389     
          28          29   1.0078883823040206     
           6          30   1.6571029255691039     
          11          30   1.2836206344330150     
          12          31  0.96886223865762533     
          30          31  0.93154028400790834     
          31          32  0.98129397462460377     
          32          33   1.0054647082065693     
          12          34  0.97900513139707124     
          33          34   1.0027851668011794     
          14          35  0.95790013804966501     
          15          36  0.97900458902040854     
          15          37  0.97443567371197370     
          16          38  0.97857200437884129     
          16          39  0.97614938308025745     
          17          40  0.95985245583398726     
          17          41  0.96295730778458877     
           8          42  0.85643156627438943     
          19          43  0.94897176672066752     
          20          44  0.98338902022164032     
          20          45  0.97586438067086956     
          20          46  0.98547434126588618     
           9          47  0.92654539148725468     
          22          48  0.94400206795226183     
          23          49  0.98438609140496514     
          23          50  0.98553497286309022     
          23          51  0.97827057481718482     
          10          52  0.91423412610491483     
          25          53  0.95242336203612021     
          26          54  0.98396601820156537     
          26          55  0.98328718752679689     
          26          56  0.98059476148369518     
          11          57  0.90029238011204338     
          28          58  0.95022002234795178     
          29          59  0.98030207091609445     
          29          60  0.98570275140448371     
          29          61  0.98144503016635554     
          31          62  0.95455861384379304     
          32          63  0.97669507027045688     
          32          64  0.97562984019774446     
          33          65  0.97707064244812558     
          33          66  0.97720868833646346     
          34          67  0.96448067719669950     
          34          68  0.96871255669167922     
