   -0.37290917
    0.35747201
   -0.37448229
    0.36428320
   -0.03931002
    0.08037199
    0.07736258
   -0.16729449
    0.18081104
    0.26942808
   -0.44801525
    0.03468332
    0.02971891
   -0.34340339
    0.15564268
    0.16203331
   -0.06461270
    0.02996800
    0.05360154
   -0.03103938
   -0.00893487
    0.02866885
   -0.10307111
    0.15894499
    0.04360118
   -0.05250479
    0.02408782
   -0.03536539
    0.02956746
   -0.04124738
    0.02872477
   -0.03745576
    0.03006361
   -0.01938934
