           1           2   1.1982119196963890     
           1           3  0.18295023582553632     
           2           3   1.7762246028531863     
           1           4  0.77493565549035548     
           2           5  0.92546102472536540     
           5           6  0.95344966912778306     
           5           7  0.97432621171517608     
           5           8  0.98614572363962971     
           8           9  0.93932706281517664     
           8          10   1.2836837541488662     
           8          11  0.18824044879850166     
          10          11   1.6192077603644228     
          10          12  0.95627937960993437     
          12          13  0.96114121186600665     
          12          14   1.0307190641450217     
          14          15  0.95300407290891664     
          14          16  0.95498175566462051     
          12          17  0.93193550018230087     
          17          18  0.97261578421825723     
          17          19  0.97100557410759492     
          17          20   1.0193211162269242     
          20          21   1.5758579460116695     
          21          22  0.96998972870473799     
          21          23   1.1977271585238161     
          23          24  0.94696496013314357     
          23          25   1.1765106229998921     
          25          26   1.3371296118859968     
          26          27  0.96850974248838706     
          26          28   1.4952777640613832     
          28          29  0.97197608371823574     
          28          30   1.3699233819836953     
          30          31  0.97168970031726354     
          26          32  0.11397007564490992     
          30          32   1.5064280168262107     
          32          33  0.96774692075787361     
          20          34   1.2015257446109553     
          25          34   1.2475713022801849     
          32          34   1.3281796558817522     
