   -0.38265170
    0.35540912
   -0.36973636
    0.36283716
   -0.04314738
    0.10890960
    0.07751723
   -0.16756645
    0.18293113
    0.27605250
   -0.42093870
   -0.02118350
    0.07626511
    0.05841720
   -0.16146685
    0.20740282
    0.26982598
   -0.47411767
    0.02860379
   -0.35866773
    0.15021822
    0.15830029
    0.05379694
   -0.06955074
    0.05853148
    0.03760474
    0.00795187
   -0.04246077
    0.02138440
   -0.03080228
    0.02820920
   -0.02689519
    0.03343162
   -0.02395313
    0.03289515
   -0.03922377
    0.04586666
