           1           2   1.7651246911241871     
           1           3  0.17522010198681934     
           2           3   1.1842015135792665     
           3           4  0.79445619048938909     
           2           5  0.94096343762146994     
           5           6  0.93825065523174100     
           5           7  0.95458638008815078     
           5           8  0.99998377990140663     
           8           9  0.93485384019519047     
           8          10   1.2557956048912922     
           8          11  0.20234970851749187     
          10          11   1.7010743110080591     
          10          12  0.93522137393644555     
          12          13  0.96652607886909192     
          12          14  0.96474761530457420     
          12          15  0.99186440366448458     
          15          16  0.91195124656205195     
          15          17   1.2983607183119017     
          15          18  0.19045381726415145     
          17          18   1.6167209435773375     
          17          19  0.94899407935115587     
          19          20   1.0228328250182741     
          20          21  0.96131311437455458     
          20          22  0.94865351280887311     
          19          23  0.94569716589024366     
          19          24  0.95380512833487840     
          24          25  0.97062252451684317     
          24          26  0.97036979890919772     
          24          27   1.0148517292697365     
          27          28   1.4105745543125583     
          28          29  0.96678022656424722     
          28          30   1.4390726829986797     
          30          31  0.97138092848854174     
          27          32  0.10905032670608381     
          30          32   1.4423836412189170     
          32          33  0.97129599635783637     
          28          34  0.10982354260474970     
          32          34   1.4351162794428969     
          34          35  0.97029189450932352     
          27          36   1.4090113735527834     
          30          36  0.11178761472557978     
          34          36   1.4488053434010348     
          36          37  0.96343966034808615     
