   -0.37134139
    0.35823468
   -0.37288267
    0.36225199
   -0.03839836
    0.08143139
    0.07264299
   -0.17108601
    0.22775919
    0.26663166
   -0.45191915
   -0.02230772
    0.07813192
    0.08051939
   -0.17555958
    0.17817011
    0.25969842
   -0.44653995
    0.03423929
   -0.33475075
    0.14466702
    0.16315642
    0.03640340
   -0.07120764
    0.03511407
    0.06659582
    0.01175869
   -0.03664421
    0.04129475
   -0.02811728
    0.03427199
   -0.02981186
    0.03384122
   -0.02855799
    0.03123837
   -0.03879310
    0.01986491
