           1           2   1.7796643765862739     
           1           3  0.18195627750245164     
           2           3   1.1945976403594418     
           3           4  0.77931880500604478     
           2           5  0.92448489155371583     
           5           6  0.97361889105721788     
           5           7  0.95267014970365427     
           5           8  0.99027142476774155     
           8           9  0.88581693060245437     
           8          10   1.3289435377834435     
           8          11  0.20554703348719500     
          10          11   1.6104995642237556     
          10          12  0.94357962787852823     
          12          13  0.97179063694795076     
          12          14  0.95500404906022041     
          12          15  0.98846789899665111     
          15          16  0.94094678530154341     
          15          17   1.2608104924652019     
          15          18  0.18687498604555455     
          17          18   1.6530804124379663     
          17          19  0.93580873891401073     
          19          20   1.0352426187940402     
          20          21  0.96267367060008557     
          20          22  0.95125274857376663     
          19          23  0.95458345765480845     
          19          24  0.95362782016020708     
          24          25  0.97306245151851556     
          24          26  0.96748955415108540     
          24          27   1.0117560628874429     
          27          28   1.4121629285673101     
          28          29  0.96736192523406972     
          28          30   1.4440229076314255     
          30          31  0.97095921449124667     
          27          32  0.10987069076003536     
          30          32   1.4393143788871461     
          32          33  0.97131384737624238     
          28          34  0.11094368648958659     
          32          34   1.4381112459417769     
          34          35  0.97118116911982499     
          27          36   1.4122082574731889     
          30          36  0.11096978601586804     
          34          36   1.4453888666036561     
          36          37  0.96916033987254724     
