   -0.35978824
    0.35563179
   -0.36624442
    0.32814987
   -0.03130749
    0.07515584
    0.08589672
   -0.17630736
    0.21159640
    0.27109633
   -0.43898100
    0.03037299
    0.02538306
   -0.34783189
    0.14074849
    0.14698174
   -0.05896633
    0.03971040
    0.05322126
   -0.03361200
   -0.00300454
    0.03596790
   -0.09583949
    0.16577086
    0.04425632
   -0.05263126
    0.02725348
   -0.04335104
    0.02388052
   -0.04925647
    0.02250113
   -0.03936254
    0.03671773
   -0.02380875
