           1           2   1.1331946506447550     
           1           3  0.16255267988378710     
           2           3   1.7858186968546956     
           1           4  0.87001088637279711     
           2           5  0.96170803081768330     
           5           6  0.93763322875300881     
           5           7  0.94667834445283072     
           5           8   1.0118165125226066     
           8           9  0.90628469537583056     
           8          10   1.2532414277930943     
           8          11  0.19327217497247839     
          10          11   1.6857631725734796     
          10          12  0.94459913949958452     
          12          13  0.95528640448521851     
          12          14   1.0164871112260760     
          14          15  0.96594527344395820     
          14          16  0.96116019307268741     
          12          17  0.95458294227127216     
          17          18  0.96817623824631627     
          17          19  0.97151566956495261     
          17          20   1.0185760654851586     
          20          21   1.5792918212784184     
          21          22  0.96938881205151828     
          21          23   1.2006970976270439     
          23          24  0.94439099245967273     
          23          25   1.1835019886559504     
          25          26   1.3370288101668035     
          26          27  0.96836527040160347     
          26          28   1.4932678615489605     
          28          29  0.97224361768171741     
          28          30   1.3704952491444653     
          30          31  0.97200170746787984     
          26          32  0.11257985956441727     
          30          32   1.5018424617338206     
          32          33  0.96739744142684891     
          20          34   1.2036182701298483     
          25          34   1.2440185145687661     
          32          34   1.3321107324348351     
