   -0.37606481
    0.35726384
   -0.36957615
    0.36362489
   -0.04084636
    0.07597127
    0.07726472
   -0.17757598
    0.20602436
    0.26589043
   -0.45558884
   -0.02906094
    0.08275760
    0.11108156
   -0.18731601
    0.17571038
    0.26776864
   -0.40228910
    0.02744217
   -0.35772485
    0.15584074
    0.16109458
    0.03641334
   -0.07111556
    0.05830168
    0.05066640
    0.00956730
   -0.03945752
    0.03020706
   -0.03061466
    0.03330604
   -0.03202428
    0.03237757
   -0.02980691
    0.03190805
   -0.03986768
    0.02844702
