           1           2   1.7753115753920272     
           1           3  0.18228062992403662     
           2           3   1.1968758261132804     
           3           4  0.78303292864121055     
           2           5  0.92539469833085997     
           5           6  0.97389531093349202     
           5           7  0.95517153659884746     
           5           8  0.99087156906345053     
           8           9  0.88478664314816391     
           8          10   1.3073774701127581     
           8          11  0.19481990795455650     
          10          11   1.6111585831097219     
          10          12  0.95520632042748910     
          12          13  0.95352875422064010     
          12          14  0.94136293421593042     
          12          15   1.0024522609474231     
          15          16  0.93850908435060121     
          15          17   1.2145802912023684     
          15          18  0.19098684181891237     
          17          18   1.7314640636883560     
          17          19  0.93270920228926668     
          19          20  0.99779769195479195     
          20          21  0.95595513939295607     
          20          22  0.95716882578057849     
          19          23  0.96042648012286802     
          19          24  0.97219657426540196     
          24          25  0.96939455898831151     
          24          26  0.96722378648240215     
          24          27   1.0121934520269809     
          27          28   1.4140604179502450     
          28          29  0.96883658351490709     
          28          30   1.4409699573061052     
          30          31  0.97105294016782306     
          27          32  0.10925156391802041     
          30          32   1.4421276779406569     
          32          33  0.97139751514095296     
          28          34  0.11023765064883770     
          32          34   1.4348597174105144     
          34          35  0.97110033678327379     
          27          36   1.4078294788274650     
          30          36  0.11189909394679998     
          34          36   1.4497223725587889     
          36          37  0.96959856580003301     
