   -0.45232554
   -0.47513904
   -0.46717620
   -0.42458719
   -0.45026306
   -0.45023375
   -0.08479203
   -0.18785679
   -0.19143321
   -0.16533808
   -0.18191754
   -0.10652022
    0.26893087
    0.02600823
   -0.05704019
   -0.05954872
   -0.01185525
    0.26077167
    0.03077664
   -0.11440686
    0.26311307
    0.01941093
   -0.11344297
    0.27874888
    0.03191612
   -0.11336134
    0.27483955
    0.02715996
   -0.11450040
    0.27786973
    0.02179838
   -0.06302275
   -0.06264673
    0.00043506
    0.04456848
    0.04357934
    0.04352704
    0.04940738
    0.06199473
    0.04324481
    0.09658381
    0.23348115
    0.06156891
    0.04790535
    0.04718750
    0.08035424
    0.19398410
    0.05947650
    0.04943090
    0.07600097
    0.04826470
    0.21743367
    0.04916499
    0.04634283
    0.06760438
    0.05933673
    0.21464712
    0.06847714
    0.06303077
    0.07153195
    0.04524635
    0.06758398
    0.05894599
    0.05253661
    0.05083247
    0.05306031
    0.05177075
    0.04752284
