           2           7  0.19530025896666944     
           3           8  0.20338013808101310     
           4           9  0.19337938237835334     
           5          10  0.19867386753638461     
           6          11  0.19332269430363033     
           1          12  0.19518532444828129     
           1          13   1.6577602868160668     
          12          13   1.2618937550359535     
           7          14  0.96879571585264801     
          13          14  0.93307278489708567     
          14          15  0.98074889712393709     
          15          16   1.0045747930242570     
           7          17  0.97686313961560534     
          16          17   1.0041964234178895     
           2          18   1.6122183654401141     
           7          18   1.2994802253323539     
           8          19  0.97604993453252242     
          18          19  0.93104637443103666     
          19          20   1.0005488331031862     
           3          21   1.6246361868931931     
           8          21   1.3234699006450912     
           9          22  0.99199099728627660     
          21          22  0.92140219535463175     
          22          23  0.99689017181585471     
           4          24   1.6992986412713835     
           9          24   1.2384971308372905     
          10          25  0.97537483994251506     
          24          25  0.93255740703323498     
          25          26  0.99813261191176039     
           5          27   1.6131858779605024     
          10          27   1.3251674250031864     
          11          28  0.97159360728881339     
          27          28  0.92594836414941761     
          28          29   1.0090899843015029     
           6          30   1.6440702225540953     
          11          30   1.2906332801792455     
          12          31  0.96560370697636966     
          30          31  0.93797847713381444     
          31          32  0.97997647445797276     
          32          33   1.0038974691180222     
          12          34  0.98127439237327896     
          33          34   1.0032964594420666     
          14          35  0.95714196916819105     
          15          36  0.97807094734733957     
          15          37  0.97751099453896484     
          16          38  0.97654448143313655     
          16          39  0.97669742494403067     
          17          40  0.96564527932807576     
          17          41  0.94743033484598316     
           8          42  0.85603548542915464     
          19          43  0.95621224612793576     
          20          44  0.98531973964635455     
          20          45  0.98397028496626426     
          20          46  0.97693038783875785     
           9          47  0.92718073803718404     
          22          48  0.94413371632672227     
          23          49  0.98530301382389118     
          23          50  0.97879923712214378     
          23          51  0.98474240671230595     
          10          52  0.89970061735685358     
          25          53  0.95230635336001657     
          26          54  0.98431049603239140     
          26          55  0.98337234839965082     
          26          56  0.98090797991863954     
          11          57  0.90119463407123934     
          28          58  0.95241571834136352     
          29          59  0.98160496673969067     
          29          60  0.97922155688252999     
          29          61  0.98578185708491373     
          31          62  0.95472913709969531     
          32          63  0.97706876808482790     
          32          64  0.97644660440933506     
          33          65  0.97895376387797528     
          33          66  0.97674770560169599     
          34          67  0.96568404431838895     
          34          68  0.97119828717492074     
