   -0.37558493
    0.35818666
   -0.37878907
    0.36521323
   -0.03789412
    0.07099975
    0.07624351
   -0.16287080
    0.20836883
    0.26459095
   -0.46119685
    0.03335123
    0.03318518
   -0.35154857
    0.14377966
    0.15813435
   -0.05973105
    0.04843901
    0.05204261
   -0.03201333
   -0.00920688
    0.03175293
   -0.10338527
    0.15998701
    0.04350915
   -0.05231381
    0.02540637
   -0.03559868
    0.03026352
   -0.04113194
    0.02774916
   -0.03490195
    0.02161918
   -0.01665505
