           1           2   1.2028357964040017     
           1           3  0.18316348030532356     
           2           3   1.7719247779202756     
           1           4  0.76606344978940766     
           2           5  0.92456354250237038     
           5           6  0.95183075724365951     
           5           7  0.97424843069488953     
           5           8  0.99209858829951003     
           8           9  0.91110107356154291     
           8          10   1.3119361981717026     
           8          11  0.19300964631514717     
          10          11   1.6011826526021360     
          10          12  0.95195745880012705     
          12          13  0.95329313322401399     
          12          14   1.0169408185667479     
          14          15  0.96588101675113647     
          14          16  0.95478852849604334     
          12          17  0.95438512189330427     
          17          18  0.96794061426658096     
          17          19  0.97028496465515479     
          17          20   1.0186207423806888     
          20          21   1.5794448778860652     
          21          22  0.96918852189284455     
          21          23   1.1984106474814633     
          23          24  0.94659344847303251     
          23          25   1.1755185179211827     
          25          26   1.3381677284523898     
          26          27  0.96842908401741512     
          26          28   1.4947945009314259     
          28          29  0.97195234776667316     
          28          30   1.3700640356251852     
          30          31  0.97174946676903495     
          26          32  0.11367464992290627     
          30          32   1.5065336625876029     
          32          33  0.96673318430608701     
          20          34   1.2053374998125403     
          25          34   1.2478187601299056     
          32          34   1.3292187238621740     
