   -0.45534463
   -0.47406478
   -0.46475778
   -0.42516224
   -0.45190850
   -0.44871204
   -0.08663370
   -0.19066277
   -0.19110353
   -0.16346856
   -0.18435413
   -0.10291172
    0.27066921
    0.02791521
   -0.05890824
   -0.06158849
   -0.00533215
    0.26069973
    0.03098312
   -0.11450628
    0.26278761
    0.01897924
   -0.11340551
    0.27880229
    0.03192056
   -0.11331203
    0.27460228
    0.02690572
   -0.11355351
    0.27942166
    0.02112376
   -0.06391988
   -0.06281059
    0.00084592
    0.04008137
    0.04135968
    0.06221531
    0.04439968
    0.05477334
    0.05488746
    0.08235340
    0.23270355
    0.06176567
    0.04814003
    0.04655829
    0.08023568
    0.19378402
    0.05841756
    0.04884915
    0.07569767
    0.04822007
    0.21744352
    0.04988717
    0.04610120
    0.06736839
    0.05975150
    0.21705467
    0.06871446
    0.04572276
    0.06290209
    0.06821435
    0.06711707
    0.05830981
    0.05355703
    0.05062895
    0.05303519
    0.05438827
    0.04612639
