           2           7  0.19511671597539459     
           3           8  0.20414923417984390     
           4           9  0.19336975691022007     
           5          10  0.19835283698333059     
           6          11  0.19222674448966048     
           1          12  0.19471117441892719     
           1          13   1.6503822302804840     
          12          13   1.2660328521685413     
           7          14  0.96507160808231840     
          13          14  0.93647661659060988     
          14          15  0.98242750084182440     
          15          16   1.0034783440292856     
           7          17  0.97618225011165660     
          16          17   1.0046334981590663     
           2          18   1.6086717928067871     
           7          18   1.3002155435332738     
           8          19  0.97550897571058992     
          18          19  0.93205288373895279     
          19          20   1.0020636677712780     
           3          21   1.6374704808240308     
           8          21   1.3157541334061578     
           9          22  0.99193718233016992     
          21          22  0.91917980518191489     
          22          23  0.99771891335935370     
           4          24   1.6985357471183264     
           9          24   1.2388119255966814     
          10          25  0.97514163299103906     
          24          25  0.93279491399250036     
          25          26  0.99807743923902059     
           5          27   1.6105347039581108     
          10          27   1.3267135164095687     
          11          28  0.97206992286479088     
          27          28  0.92650590045158487     
          28          29   1.0088798474625222     
           6          30   1.6477279272683700     
          11          30   1.2865438655741657     
          12          31  0.96432703290327193     
          30          31  0.93770573944144409     
          31          32  0.98086386878195320     
          32          33   1.0039633932468948     
          12          34  0.98070282545696830     
          33          34   1.0033335950777302     
          14          35  0.95555790018009468     
          15          36  0.97839939985571756     
          15          37  0.97492009481740882     
          16          38  0.97965791116241185     
          16          39  0.97678641293788182     
          17          40  0.96599053114404509     
          17          41  0.95778780937862784     
           8          42  0.85617390892912804     
          19          43  0.95286014355589332     
          20          44  0.98537782305161825     
          20          45  0.98399245459215212     
          20          46  0.97620732277573818     
           9          47  0.92724477187512466     
          22          48  0.94398145296399560     
          23          49  0.98547400260293583     
          23          50  0.97871704571201490     
          23          51  0.98469023975013759     
          10          52  0.90087609183942907     
          25          53  0.95184075675929514     
          26          54  0.98436454588654931     
          26          55  0.98342560171606475     
          26          56  0.98088152706204346     
          11          57  0.89891798852213012     
          28          58  0.95266963711447283     
          29          59  0.98574668139714616     
          29          60  0.98171812725877416     
          29          61  0.97988889638827514     
          31          62  0.95518993731210466     
          32          63  0.97707440309631388     
          32          64  0.97605264440641892     
          33          65  0.97908542540369692     
          33          66  0.97679798378900085     
          34          67  0.96641175783923638     
          34          68  0.96999665729419116     
