   -0.37251892
    0.35693588
   -0.37607343
    0.36194595
   -0.03963402
    0.08215991
    0.07722539
   -0.17278566
    0.22949139
    0.26774110
   -0.45329156
   -0.02583796
    0.07747057
    0.08119486
   -0.16853023
    0.19976998
    0.26456352
   -0.44282435
    0.02811139
   -0.35330469
    0.14576513
    0.15132494
    0.05327739
   -0.06467450
    0.03600636
    0.04438777
    0.01176335
   -0.03062403
    0.04067235
   -0.02926666
    0.03152859
   -0.03034991
    0.03345855
   -0.02901761
    0.03245895
   -0.04100843
    0.02248863
