           1           2   1.7802780877667552     
           1           3  0.18087806023057759     
           2           3   1.1893841678372084     
           3           4  0.78176981716211091     
           2           5  0.92671575336394740     
           5           6  0.97309793332234851     
           5           7  0.95305844473128354     
           5           8  0.99053423463042567     
           8           9  0.88085906182209284     
           8          10   1.3292543017732059     
           8          11  0.20500839219896086     
          10          11   1.6106706890066960     
          10          12  0.94150350859821008     
          12          13  0.95675061973144315     
          12          14  0.97188851237177953     
          12          15  0.99154666993182905     
          15          16  0.92689040171804815     
          15          17   1.2817078196037170     
          15          18  0.19375682197268521     
          17          18   1.6448130111591632     
          17          19  0.94574065952437514     
          19          20   1.0131914697806848     
          20          21  0.96485286533922243     
          20          22  0.96181934282032955     
          19          23  0.94347002277569714     
          19          24  0.96904492982993107     
          24          25  0.96712251756721823     
          24          26  0.97504870294951096     
          24          27   1.0080192128538998     
          27          28   1.4169464066132054     
          28          29  0.96810880059062598     
          28          30   1.4419740807948371     
          30          31  0.97112584804627722     
          27          32  0.10997161465261171     
          30          32   1.4413124502289183     
          32          33  0.97131219670774027     
          28          34  0.11091030658682477     
          32          34   1.4357724891775752     
          34          35  0.97112672925874111     
          27          36   1.4104209647105306     
          30          36  0.11119699032619662     
          34          36   1.4481304011821055     
          36          37  0.96889773251583422     
