   -0.37533821
    0.35851556
   -0.37821300
    0.36474665
   -0.03922960
    0.07771766
    0.07403965
   -0.16325366
    0.20673050
    0.26109734
   -0.46226552
    0.03247282
    0.03460374
   -0.35667311
    0.13977078
    0.16375305
   -0.06222709
    0.05332625
    0.05230862
   -0.03180689
   -0.00736424
    0.03520762
   -0.10269872
    0.15979686
    0.04349384
   -0.05259399
    0.02453509
   -0.03589093
    0.02953898
   -0.04154458
    0.02819847
   -0.04052470
    0.03105334
   -0.02128258
