           1           2   1.2019320200955306     
           1           3  0.18295387020328233     
           2           3   1.7725242491472062     
           1           4  0.76771112315906431     
           2           5  0.92464295619521875     
           5           6  0.97402925586762334     
           5           7  0.95199906089758723     
           5           8  0.99160621501298263     
           8           9  0.91251325641422953     
           8          10   1.3099623795313351     
           8          11  0.19273691832644732     
          10          11   1.6001558024002638     
          10          12  0.95219574437638366     
          12          13  0.95297266177242235     
          12          14   1.0167934682467235     
          14          15  0.96693083577232419     
          14          16  0.94870027555543901     
          12          17  0.95377223126366950     
          17          18  0.96948902748771060     
          17          19  0.97156163396610828     
          17          20   1.0158619575460792     
          20          21   1.5785820509756108     
          21          22  0.96959567891521292     
          21          23   1.1992274984902436     
          23          24  0.94671643121841087     
          23          25   1.1767457229689258     
          25          26   1.3376084595038860     
          26          27  0.96852320577423867     
          26          28   1.4948341219901025     
          28          29  0.97198218835376404     
          28          30   1.3699674518278764     
          30          31  0.97170220738374657     
          26          32  0.11371119120827690     
          30          32   1.5062968580498024     
          32          33  0.96737118083984408     
          20          34   1.2029471109944072     
          25          34   1.2468047909265008     
          32          34   1.3268829547083467     
