   -0.37361751
    0.35820077
   -0.37446452
    0.36254763
   -0.03857497
    0.07153854
    0.08153616
   -0.17317452
    0.23162755
    0.26808565
   -0.45355746
   -0.02406687
    0.07660312
    0.08062838
   -0.16911909
    0.20510259
    0.26584074
   -0.45048978
    0.03391808
   -0.35073312
    0.15307179
    0.14282377
    0.03196645
   -0.06588862
    0.05467669
    0.04794041
    0.00933695
   -0.03946556
    0.03463303
   -0.03112815
    0.03399265
   -0.03295064
    0.03378676
   -0.03159556
    0.03322208
   -0.03810692
    0.03585347
