           1           2   1.7775253567396772     
           1           3  0.18182682988533741     
           2           3   1.1954369246367482     
           3           4  0.77651878427788812     
           2           5  0.92537954502656528     
           5           6  0.95242772445254298     
           5           7  0.97357503079662644     
           5           8  0.99072687671552107     
           8           9  0.87729457902504593     
           8          10   1.3327947031703995     
           8          11  0.20538298792413109     
          10          11   1.6069938618891773     
          10          12  0.94432565844335492     
          12          13  0.95226921384784369     
          12          14  0.97161321476510565     
          12          15  0.99234374050252738     
          15          16  0.91650452113023106     
          15          17   1.2917147216748175     
          15          18  0.19396692233689880     
          17          18   1.6342905375253673     
          17          19  0.94743285577946734     
          19          20   1.0158233997070323     
          20          21  0.95840269562073011     
          20          22  0.96501584670094798     
          19          23  0.95461948859958667     
          19          24  0.95562446559511594     
          24          25  0.97225293425582604     
          24          26  0.96675381459547161     
          24          27   1.0119133996024303     
          27          28   1.4106290189974375     
          28          29  0.96866937303519540     
          28          30   1.4472764459834000     
          30          31  0.97093267270789019     
          27          32  0.11006427100856521     
          30          32   1.4365650153133682     
          32          33  0.97129531699842298     
          28          34  0.11142848565854135     
          32          34   1.4402767261030698     
          34          35  0.97105238071357347     
          27          36   1.4141610404274170     
          30          36  0.11057214354344011     
          34          36   1.4430687307959436     
          36          37  0.96868560864452191     
