   -0.38177821
    0.35687190
   -0.37524265
    0.36248082
   -0.03709066
    0.07450916
    0.07927207
   -0.17246543
    0.19283899
    0.26131264
   -0.46208589
    0.02551798
    0.06209360
   -0.33350515
    0.14082204
    0.14770047
   -0.07026554
    0.04746899
    0.05503150
   -0.04565397
   -0.00643182
    0.03523999
   -0.09713677
    0.16607219
    0.04787435
   -0.04241264
    0.03329201
   -0.02843223
    0.03597055
   -0.03887138
    0.02708866
   -0.04498177
    0.01231336
   -0.02741714
