           1           2   1.1869175308608388     
           1           3  0.17972279076791015     
           2           3   1.7789385017882313     
           1           4  0.77700190048290141     
           2           5  0.92783835175247786     
           5           6  0.97379637659911422     
           5           7  0.95411528209872487     
           5           8  0.99038222942317833     
           8           9  0.92526316088941241     
           8          10   1.2813115323524737     
           8          11  0.18452670069760135     
          10          11   1.6166873938454915     
          10          12  0.93635696528975798     
          12          13  0.96441285569903434     
          12          14   1.0148677926248335     
          14          15  0.96331140745668631     
          14          16  0.96371241661528262     
          12          17  0.96480218318572253     
          17          18  0.96972384735258021     
          17          19  0.96794042212289588     
          17          20   1.0121746067095236     
          20          21   1.5714181130092750     
          21          22  0.96976377849717732     
          21          23   1.2069555663305958     
          23          24  0.94465133099917264     
          23          25   1.1790809457352025     
          25          26   1.3368705937106795     
          26          27  0.96795341089866316     
          26          28   1.4979553077187757     
          28          29  0.97151829419288893     
          28          30   1.3680502385834272     
          30          31  0.97179121715057704     
          26          32  0.11386159519949605     
          30          32   1.5072871868146975     
          32          33  0.96574313361554842     
          20          34   1.2061649183021397     
          25          34   1.2476563479035243     
          32          34   1.3232692726499531     
