   -0.37589750
    0.35951770
   -0.37646890
    0.36413398
   -0.03868215
    0.07826444
    0.07716843
   -0.16402668
    0.18236846
    0.27443359
   -0.44842487
    0.03107356
    0.03652818
   -0.34130644
    0.14478311
    0.16689803
   -0.06573697
    0.04152656
    0.03490988
   -0.04015986
   -0.00439287
    0.02830939
   -0.10280826
    0.15967918
    0.04774414
   -0.04722740
    0.02706579
   -0.02805647
    0.03550608
   -0.03448940
    0.03320719
   -0.04148132
    0.01120396
   -0.02516258
