           1           2   1.1999905229362373     
           1           3  0.18180280641647625     
           2           3   1.7733844111690851     
           1           4  0.76953196446446959     
           2           5  0.92454811881523458     
           5           6  0.95204164377763667     
           5           7  0.97443643067881680     
           5           8  0.98823487641738084     
           8           9  0.93853409531482557     
           8          10   1.2884673457459670     
           8          11  0.18583533524592849     
          10          11   1.6172217700909690     
          10          12  0.95341779234607349     
          12          13  0.95383211398850931     
          12          14   1.0356426334592976     
          14          15  0.96133072230605876     
          14          16  0.94871405121805330     
          12          17  0.93704508414955867     
          17          18  0.96647594471542575     
          17          19  0.97362227246362587     
          17          20   1.0180552687787616     
          20          21   1.5763909995368977     
          21          22  0.96948904545937131     
          21          23   1.1987201579547535     
          23          24  0.94687683073413798     
          23          25   1.1760745784558324     
          25          26   1.3355844591657688     
          26          27  0.96837228134797804     
          26          28   1.4982449352764600     
          28          29  0.97154910118665516     
          28          30   1.3684997427477845     
          30          31  0.97131767492680610     
          26          32  0.11438148707569565     
          30          32   1.5082030904320667     
          32          33  0.96748957591747620     
          20          34   1.2020524928995908     
          25          34   1.2515355083883277     
          32          34   1.3268564347832137     
