   -0.38223979
    0.35894127
   -0.38348018
    0.36778268
   -0.03869179
    0.07731483
    0.07393645
   -0.16295995
    0.20605346
    0.26591028
   -0.46157156
    0.02838580
    0.05446976
   -0.36180213
    0.14938713
    0.16101524
   -0.06396268
    0.04203602
    0.05323563
   -0.04171064
   -0.00853511
    0.04636184
   -0.09795932
    0.17069084
    0.04401392
   -0.05077180
    0.02833664
   -0.03694206
    0.02850811
   -0.04351377
    0.02463096
   -0.04315646
    0.02015432
   -0.02386796
