           1           2   1.2006227386938302     
           1           3  0.18146066651093160     
           2           3   1.7703953235451797     
           1           4  0.75751010022022547     
           2           5  0.92707269107690793     
           5           6  0.97466006499150803     
           5           7  0.95451615909624155     
           5           8  0.98932299909756916     
           8           9  0.91406569541724081     
           8          10   1.3106606430051220     
           8          11  0.18954128150839525     
          10          11   1.5983055275497426     
          10          12  0.95157178177840818     
          12          13  0.95360247830806444     
          12          14   1.0236695814650005     
          14          15  0.96256766967558582     
          14          16  0.94548694072063832     
          12          17  0.94546155281489230     
          17          18  0.97053595587132524     
          17          19  0.97128296302044770     
          17          20   1.0182085197829571     
          20          21   1.5699345476941766     
          21          22  0.96675787358595677     
          21          23   1.2094581623549436     
          23          24  0.94291701892440105     
          23          25   1.1841461442074603     
          25          26   1.3371184329330674     
          26          27  0.96827367027136457     
          26          28   1.4959708238274443     
          28          29  0.97203290975993051     
          28          30   1.3684808186404023     
          30          31  0.97192740232500041     
          26          32  0.11250240711696728     
          30          32   1.5050950511428463     
          32          33  0.96723100633704662     
          20          34   1.2072092046036282     
          25          34   1.2401924584713298     
          32          34   1.3245747838301287     
