   -0.38005180
    0.35638514
   -0.37286052
    0.35182835
   -0.04145095
    0.07949765
    0.10889516
   -0.17507103
    0.19899080
    0.27141987
   -0.41605396
   -0.02313454
    0.06487356
    0.07608214
   -0.16400513
    0.18472961
    0.26013508
   -0.47916969
    0.03316876
   -0.33616925
    0.14701141
    0.16367842
    0.04132211
   -0.07198753
    0.03294129
    0.06752885
    0.00248200
   -0.04361186
    0.02578431
   -0.03130662
    0.03871114
   -0.02783334
    0.04260787
   -0.02399908
    0.03890755
   -0.03852874
    0.03825294
