           1           2   1.7675139206557695     
           1           3  0.17246013546753305     
           2           3   1.1771966256316788     
           3           4  0.79814488103200565     
           2           5  0.93958769117681618     
           5           6  0.94758651212917466     
           5           7  0.94361000852242172     
           5           8   1.0039800462987287     
           8           9  0.91860700021706521     
           8          10   1.2639281967592793     
           8          11  0.20641346363841892     
          10          11   1.6999046575487340     
          10          12  0.92957163823207800     
          12          13  0.96477195427972651     
          12          14  0.97205127452856521     
          12          15  0.98448570520270950     
          15          16  0.93681950442057227     
          15          17   1.2895196598891876     
          15          18  0.17900177057874606     
          17          18   1.6037329168299654     
          17          19  0.93957789569093009     
          19          20   1.0361764153580624     
          20          21  0.96146440585169202     
          20          22  0.95065934692725429     
          19          23  0.95049280938400860     
          19          24  0.95533821928911267     
          24          25  0.97255712993700694     
          24          26  0.96637733128846948     
          24          27   1.0103299896499962     
          27          28   1.4148687110509144     
          28          29  0.96822311530473049     
          28          30   1.4423172459707241     
          30          31  0.96970195409069659     
          27          32  0.10971591987474515     
          30          32   1.4397609791960553     
          32          33  0.97047029751819602     
          28          34  0.11115087120607829     
          32          34   1.4371170637027402     
          34          35  0.97061701022895330     
          27          36   1.4105763009503631     
          30          36  0.11089776989865488     
          34          36   1.4454893191674183     
          36          37  0.96654133825231670     
