   -0.37510910
    0.35812544
   -0.37759964
    0.36491454
   -0.03957810
    0.07808840
    0.07602607
   -0.16455324
    0.20475875
    0.26162336
   -0.45822608
    0.02698261
    0.06203054
   -0.35596027
    0.15376579
    0.14745252
   -0.06448942
    0.06620997
    0.03452664
   -0.03227473
   -0.00984580
    0.02701952
   -0.10793404
    0.15734987
    0.04422584
   -0.05317585
    0.02322324
   -0.03545118
    0.02885444
   -0.04087636
    0.02790506
   -0.03704111
    0.02980507
   -0.02077276
