           1           2   1.2001300200949048     
           1           3  0.18281693160821019     
           2           3   1.7736227727754259     
           1           4  0.77036188588908860     
           2           5  0.92531107991664197     
           5           6  0.97393686284261483     
           5           7  0.95238299047507702     
           5           8  0.99028247266027092     
           8           9  0.91494793651743789     
           8          10   1.3072864037141134     
           8          11  0.19245781400898809     
          10          11   1.6059596950180544     
          10          12  0.95145599778143208     
          12          13  0.94196578079379645     
          12          14   1.0176121561283802     
          14          15  0.95951966321518489     
          14          16  0.96230435578974416     
          12          17  0.95986367513553539     
          17          18  0.96229398104401342     
          17          19  0.97394351700335613     
          17          20   1.0195224529013611     
          20          21   1.5829026191695661     
          21          22  0.96988805203469663     
          21          23   1.1902473856330971     
          23          24  0.94753674415887490     
          23          25   1.1756005096527276     
          25          26   1.3373396034265210     
          26          27  0.96861403643083088     
          26          28   1.4944658415389598     
          28          29  0.97202048967924415     
          28          30   1.3712707552025039     
          30          31  0.97172446889225661     
          26          32  0.11410109888971005     
          30          32   1.5053887339771486     
          32          33  0.96854794121899612     
          20          34   1.1998546387342062     
          25          34   1.2506745701075341     
          32          34   1.3312837791544181     
