   -0.37298512
    0.35831255
   -0.37395793
    0.36248897
   -0.03892999
    0.07251125
    0.08173498
   -0.17192104
    0.22959659
    0.26788511
   -0.45182974
   -0.02583012
    0.07821912
    0.08189036
   -0.16869445
    0.19999430
    0.26354413
   -0.44195581
    0.02791008
   -0.35334589
    0.14670193
    0.15138998
    0.05111615
   -0.06616596
    0.03683427
    0.04784839
    0.01127883
   -0.03227923
    0.04753027
   -0.02977454
    0.03418486
   -0.03268477
    0.03103886
   -0.03163529
    0.02913610
   -0.04189436
    0.02273716
