           1           2   1.7780887529721370     
           1           3  0.18182444780516077     
           2           3   1.1949921488057147     
           3           4  0.77758024168434170     
           2           5  0.92544306169638246     
           5           6  0.95242350874399473     
           5           7  0.97349139986276712     
           5           8  0.99027538653890423     
           8           9  0.88167026311381336     
           8          10   1.3310676573887628     
           8          11  0.20547724188427299     
          10          11   1.6095620624199691     
          10          12  0.94314479347460167     
          12          13  0.95337291187779938     
          12          14  0.97175933388713909     
          12          15  0.99235351563216889     
          15          16  0.92533332166382354     
          15          17   1.2837932831941030     
          15          18  0.19497245127281401     
          17          18   1.6457562662739955     
          17          19  0.94458849243284060     
          19          20   1.0138685347310947     
          20          21  0.96466869762021890     
          20          22  0.96166613278529423     
          19          23  0.94503343399611572     
          19          24  0.96696510535254876     
          24          25  0.96793648566664858     
          24          26  0.97442801625432840     
          24          27   1.0090812545278802     
          27          28   1.4168898956895322     
          28          29  0.96735862123208305     
          28          30   1.4420668777017531     
          30          31  0.97096833570304553     
          27          32  0.10970792006474950     
          30          32   1.4411529129045262     
          32          33  0.97145732386317574     
          28          34  0.11088380552778590     
          32          34   1.4358142928310378     
          34          35  0.97130693338777541     
          27          36   1.4099483703858233     
          30          36  0.11131149463903484     
          34          36   1.4480421225899391     
          36          37  0.96942849874835135     
