   -0.45927884
   -0.47988292
   -0.45926520
   -0.42397675
   -0.45083387
   -0.44920078
   -0.08700275
   -0.19701168
   -0.19110200
   -0.16103975
   -0.18508985
   -0.10102271
    0.26571309
    0.02638267
   -0.06081260
   -0.06176456
    0.00073484
    0.25708207
    0.03183749
   -0.11446404
    0.26224533
    0.01882518
   -0.11413142
    0.27767390
    0.03326062
   -0.11361287
    0.27288813
    0.02613271
   -0.11330833
    0.27503812
    0.02007556
   -0.06223581
   -0.06585323
   -0.00262841
    0.04399021
    0.04380018
    0.06328974
    0.04706907
    0.05457008
    0.07519129
    0.05735713
    0.23053477
    0.06305944
    0.05004595
    0.07875976
    0.04789766
    0.19549805
    0.05554089
    0.04978809
    0.04894834
    0.07667244
    0.21062037
    0.04659502
    0.04732432
    0.06765696
    0.06210768
    0.21348405
    0.07414314
    0.06623553
    0.04683201
    0.06387180
    0.07374287
    0.05249241
    0.05822847
    0.05244129
    0.05686468
    0.06683613
    0.04413884
