           2           7  0.19480527522914909     
           3           8  0.20435202479432060     
           4           9  0.19439079063734993     
           5          10  0.19741218340716940     
           6          11  0.19616100406741069     
           1          12  0.19539553844484717     
           1          13   1.6483183639731362     
          12          13   1.2700022325129616     
           7          14  0.96082341736117716     
          13          14  0.93687331355321912     
          14          15  0.98298417436409891     
          15          16   1.0032406597352954     
           7          17  0.97949615108488408     
          16          17   1.0057668655291090     
           2          18   1.6049370528716949     
           7          18   1.3016588899103521     
           8          19  0.97667765440121590     
          18          19  0.93322569962461110     
          19          20   1.0023109140134556     
           3          21   1.6480385977453753     
           8          21   1.3084667301070922     
           9          22  0.99070361223099723     
          21          22  0.91701689317557233     
          22          23  0.99988423656887293     
           4          24   1.6990506226138573     
           9          24   1.2401380865010594     
          10          25  0.97448422454215045     
          24          25  0.93132374464484247     
          25          26  0.99854011498528894     
           5          27   1.6121036915588680     
          10          27   1.3214102056765094     
          11          28  0.97308166844251065     
          27          28  0.92843777674919770     
          28          29   1.0078883985270095     
           6          30   1.6571029704052584     
          11          30   1.2836206560490597     
          12          31  0.96886233310271042     
          30          31  0.93154029650572390     
          31          32  0.98129396058744989     
          32          33   1.0054647191947790     
          12          34  0.97900508080627779     
          33          34   1.0027851832928718     
          14          35  0.95790010793965430     
          15          36  0.97900457754486947     
          15          37  0.97443565325453085     
          16          38  0.97857201683193407     
          16          39  0.97614937736105123     
          17          40  0.95985256918730610     
          17          41  0.96295732636866527     
           8          42  0.85643159977530148     
          19          43  0.94897177197810512     
          20          44  0.98338904343744049     
          20          45  0.97586442513455540     
          20          46  0.98547433995269396     
           9          47  0.92654538700829825     
          22          48  0.94400206522386609     
          23          49  0.98438608499897517     
          23          50  0.98553498077504798     
          23          51  0.97827054838094929     
          10          52  0.91423433504245233     
          25          53  0.95242337850478243     
          26          54  0.98396601567614506     
          26          55  0.98328718332628562     
          26          56  0.98059476809583468     
          11          57  0.90029231222981121     
          28          58  0.95022003451907888     
          29          59  0.98030206707576029     
          29          60  0.98570275210241809     
          29          61  0.98144502084603469     
          31          62  0.95455854846561072     
          32          63  0.97669505299111448     
          32          64  0.97562983914898216     
          33          65  0.97707063900152258     
          33          66  0.97720869193470361     
          34          67  0.96448068712500845     
          34          68  0.96871256476694567     
