   -0.37064894
    0.35781442
   -0.37383627
    0.36424310
   -0.03911157
    0.07725980
    0.07854003
   -0.16776426
    0.18259330
    0.26936501
   -0.44953819
    0.03386402
    0.03696771
   -0.34240140
    0.14991086
    0.16121296
   -0.06286274
    0.03579770
    0.04556785
   -0.03047239
   -0.00798840
    0.03165238
   -0.10520314
    0.15950164
    0.04544456
   -0.05189327
    0.02534181
   -0.03498000
    0.03039867
   -0.04069894
    0.02775452
   -0.03633411
    0.02048746
   -0.01998419
