           1           2   1.1993600007935687     
           1           3  0.18309463960898706     
           2           3   1.7763879503544122     
           1           4  0.77700317564953769     
           2           5  0.92376922007214290     
           5           6  0.97399629039674596     
           5           7  0.95402495036852208     
           5           8  0.98749515803953203     
           8           9  0.93844078533009045     
           8          10   1.2831396267931006     
           8          11  0.18810670944435165     
          10          11   1.6183491449249781     
          10          12  0.95769814187146241     
          12          13  0.95955837239907782     
          12          14   1.0306601877526678     
          14          15  0.95522511211030325     
          14          16  0.95564122912732208     
          12          17  0.93089492478759173     
          17          18  0.97014988920779821     
          17          19  0.97376012638248755     
          17          20   1.0204703580616679     
          20          21   1.5746878825828603     
          21          22  0.96947824374608105     
          21          23   1.1947978569542479     
          23          24  0.94687020230930696     
          23          25   1.1762906739784638     
          25          26   1.3377688357984114     
          26          27  0.96850307927710877     
          26          28   1.4946863047274759     
          28          29  0.97194468388718758     
          28          30   1.3711136496085696     
          30          31  0.97175763191126774     
          26          32  0.11377196833279701     
          30          32   1.5051627152675577     
          32          33  0.96917275410525527     
          20          34   1.2004651961181318     
          25          34   1.2496267816736255     
          32          34   1.3315392244619781     
