   -0.37055427
    0.35830252
   -0.37236707
    0.36214256
   -0.03869644
    0.07298844
    0.08214159
   -0.17009386
    0.22655864
    0.26676647
   -0.45095805
   -0.02378465
    0.08101476
    0.07980006
   -0.17668285
    0.17997903
    0.25559468
   -0.44718077
    0.03457658
   -0.32933324
    0.16186174
    0.14339433
    0.03624558
   -0.06681509
    0.05727573
    0.03093424
    0.01329847
   -0.03512200
    0.05050007
   -0.02853657
    0.03419809
   -0.03168111
    0.03198049
   -0.03062884
    0.03098787
   -0.04042853
    0.02232140
