           1           2   1.7803644632283482     
           1           3  0.18198881995730570     
           2           3   1.1943362844732719     
           3           4  0.78041008748863772     
           2           5  0.92418317932352989     
           5           6  0.95280518917976631     
           5           7  0.97354415029183694     
           5           8  0.98991633618830599     
           8           9  0.88956994316816895     
           8          10   1.3270104103775917     
           8          11  0.20559515561895525     
          10          11   1.6124247103029044     
          10          12  0.94325254619081322     
          12          13  0.95559217246653072     
          12          14  0.97167352845069122     
          12          15  0.98809392998769408     
          15          16  0.93988821977044057     
          15          17   1.2626734170626772     
          15          18  0.18718231561012841     
          17          18   1.6491188591714765     
          17          19  0.93625515111067859     
          19          20   1.0346218836577006     
          20          21  0.95442535886600610     
          20          22  0.96423789509766089     
          19          23  0.95875364538012064     
          19          24  0.95000821971529836     
          24          25  0.96805602265254009     
          24          26  0.97357435574963969     
          24          27   1.0091188324818210     
          27          28   1.4081256589088291     
          28          29  0.96720791818955498     
          28          30   1.4491190344019056     
          30          31  0.97093374601632587     
          27          32  0.10928210596175747     
          30          32   1.4358388939045195     
          32          33  0.97140831470083944     
          28          34  0.11223963411966539     
          32          34   1.4412750355276809     
          34          35  0.97119563810335163     
          27          36   1.4167874182765705     
          30          36  0.11021171215110194     
          34          36   1.4413121739840036     
          36          37  0.96927395801609606     
