   -0.37338905
    0.35689246
   -0.37714337
    0.36211679
   -0.03923719
    0.08228625
    0.07690050
   -0.17336562
    0.22991941
    0.26724073
   -0.45414241
   -0.02608098
    0.07841441
    0.08133703
   -0.16871697
    0.20657745
    0.26180099
   -0.45368230
    0.03380329
   -0.35604301
    0.14496523
    0.15704163
    0.03612752
   -0.06708268
    0.04840873
    0.05528171
    0.01170413
   -0.04084631
    0.03170513
   -0.03066880
    0.03237419
   -0.03138728
    0.03317516
   -0.02871806
    0.03452891
   -0.03756102
    0.03546338
