           1           2   1.7795624947716049     
           1           3  0.18079920380964068     
           2           3   1.1892551674383265     
           3           4  0.78109493653539441     
           2           5  0.92705954140743863     
           5           6  0.97303929667082334     
           5           7  0.95345519018326119     
           5           8  0.99033945070757623     
           8           9  0.88114789107635316     
           8          10   1.3283182413474313     
           8          11  0.20450965171807109     
          10          11   1.6103077792605287     
          10          12  0.94159503399139355     
          12          13  0.95698462034969156     
          12          14  0.97111939087736054     
          12          15  0.99299494120836951     
          15          16  0.91402756641180760     
          15          17   1.2893118862716844     
          15          18  0.19282019689913582     
          17          18   1.6324748621887588     
          17          19  0.94719299204711882     
          19          20   1.0154385857078863     
          20          21  0.96502069862126194     
          20          22  0.95244170222256885     
          19          23  0.95427333133946246     
          19          24  0.95603170626895861     
          24          25  0.97361972958904097     
          24          26  0.96770604787414194     
          24          27   1.0097263233170095     
          27          28   1.4134266472785946     
          28          29  0.96830506815026685     
          28          30   1.4394896452101666     
          30          31  0.97106306286155331     
          27          32  0.10915511041922821     
          30          32   1.4427411626310109     
          32          33  0.97133715401239762     
          28          34  0.10989377245069679     
          32          34   1.4343760406205266     
          34          35  0.97093195786505748     
          27          36   1.4077570562838078     
          30          36  0.11201862991186173     
          34          36   1.4501070392729569     
          36          37  0.96893980680252190     
