   -0.37347984
    0.35804648
   -0.37784824
    0.36412693
   -0.03681818
    0.07705368
    0.07335933
   -0.17322367
    0.18294681
    0.25987298
   -0.45771997
    0.03291450
    0.03621152
   -0.33396770
    0.16026575
    0.14451319
   -0.06754587
    0.05405904
    0.06000126
   -0.04256143
   -0.01507712
    0.02894125
   -0.11026682
    0.15794776
    0.04159315
   -0.05205573
    0.02519941
   -0.02820724
    0.03747656
   -0.03209776
    0.04058186
   -0.03769166
    0.02949407
   -0.02604433
