           1           2   1.1977548625079775     
           1           3  0.18160675973217108     
           2           3   1.7743597191340430     
           1           4  0.77284786019935503     
           2           5  0.92535561735163796     
           5           6  0.95363218083645840     
           5           7  0.97451052066850186     
           5           8  0.98796158756845853     
           8           9  0.93068868326977860     
           8          10   1.2838452771436355     
           8          11  0.18552030626671132     
          10          11   1.6146437928289210     
          10          12  0.94353276074674119     
          12          13  0.95806582512209826     
          12          14   1.0301764214238105     
          14          15  0.95660285673862666     
          14          16  0.96329781797665437     
          12          17  0.94955165006087927     
          17          18  0.97105027937494659     
          17          19  0.96618178624341966     
          17          20   1.0197629173524130     
          20          21   1.5747270652553262     
          21          22  0.96988236800516447     
          21          23   1.1950946328582919     
          23          24  0.94729134893763045     
          23          25   1.1684097227685510     
          25          26   1.3362402152327506     
          26          27  0.96848135759281995     
          26          28   1.4968766823793642     
          28          29  0.97137682531187741     
          28          30   1.3698780828332922     
          30          31  0.97074463234055008     
          26          32  0.11562870911887596     
          30          32   1.5089634876714686     
          32          33  0.96760796526921133     
          20          34   1.1976813280668313     
          25          34   1.2562255796420267     
          32          34   1.3271376720962724     
