   -0.37309573
    0.35798831
   -0.36819873
    0.36275905
   -0.04145182
    0.07801193
    0.07933161
   -0.16622103
    0.19056436
    0.26909928
   -0.44997666
   -0.02877808
    0.08162489
    0.10873593
   -0.18165732
    0.19573194
    0.26175043
   -0.43572350
    0.02547755
   -0.35657401
    0.15049278
    0.14841034
    0.05464510
   -0.07171639
    0.06484600
    0.03823163
    0.00754442
   -0.04673118
    0.04889561
   -0.03556459
    0.05119344
   -0.03480503
    0.03622557
   -0.03362286
    0.03040503
   -0.04321954
    0.02537123
