           1           2   1.7767226475996729     
           1           3  0.18205774374317646     
           2           3   1.1956351742199851     
           3           4  0.78689864079209071     
           2           5  0.92469411318551498     
           5           6  0.96868532919589923     
           5           7  0.95549839604205522     
           5           8  0.98973985087284211     
           8           9  0.91795122601841728     
           8          10   1.2929337546650190     
           8          11  0.19251522762325546     
          10          11   1.6211564118364234     
          10          12  0.95833767408343862     
          12          13  0.95757192899016275     
          12          14  0.93501236236961971     
          12          15   1.0054100401971329     
          15          16  0.91806253450958197     
          15          17   1.2532365700898966     
          15          18  0.19712721434049546     
          17          18   1.6839092307105603     
          17          19  0.94069511605710054     
          19          20   1.0221555514936496     
          20          21  0.96218651788924414     
          20          22  0.95378828594260090     
          19          23  0.94879111385161052     
          19          24  0.95336804340057968     
          24          25  0.96718123216516527     
          24          26  0.97232763714453252     
          24          27   1.0163123266895753     
          27          28   1.4009408250685431     
          28          29  0.96598330033057533     
          28          30   1.4448706529120405     
          30          31  0.96834783168787020     
          27          32  0.10867466278920776     
          30          32   1.4289551470298338     
          32          33  0.97058936942069796     
          28          34  0.11073472444852679     
          32          34   1.4446578371421930     
          34          35  0.97114008627092208     
          27          36   1.4126389905880734     
          30          36  0.10905239357002905     
          34          36   1.4364379644082157     
          36          37  0.96839079040247167     
