   -0.37361129
    0.35766724
   -0.37395473
    0.36336455
   -0.03708393
    0.07614337
    0.07666358
   -0.17215501
    0.18080878
    0.25622799
   -0.45452191
    0.03392976
    0.04163142
   -0.33176456
    0.16002232
    0.14412874
   -0.05928329
    0.03668143
    0.05012218
   -0.02652380
   -0.00134670
    0.04033184
   -0.09931852
    0.16000343
    0.04489149
   -0.05171493
    0.02468640
   -0.03646196
    0.02894861
   -0.04180402
    0.02598603
   -0.03740952
    0.01476488
   -0.02004987
