           1           2   1.1972812544534588     
           1           3  0.18273020299971934     
           2           3   1.7772045746257346     
           1           4  0.77491325203556838     
           2           5  0.92488908009648829     
           5           6  0.97430750497525997     
           5           7  0.95422055150411977     
           5           8  0.98612166612056418     
           8           9  0.93976213927175578     
           8          10   1.2791655228290453     
           8          11  0.18576686614190910     
          10          11   1.6177053461906410     
          10          12  0.94316270417505721     
          12          13  0.95636468837586341     
          12          14   1.0337648360718976     
          14          15  0.95614638989840439     
          14          16  0.96411028835989943     
          12          17  0.94700964869605198     
          17          18  0.97064262946268443     
          17          19  0.97248213015586149     
          17          20   1.0158938743037271     
          20          21   1.5796569100371052     
          21          22  0.96918790862096227     
          21          23   1.2006787582356189     
          23          24  0.94668453470153824     
          23          25   1.1777597625534830     
          25          26   1.3399385492065581     
          26          27  0.96848568834099047     
          26          28   1.4927511702373089     
          28          29  0.97206790897860074     
          28          30   1.3715913009594185     
          30          31  0.97188292406805687     
          26          32  0.11264021194838750     
          30          32   1.5038314578309009     
          32          33  0.96912414966582694     
          20          34   1.2047589749238483     
          25          34   1.2447010876780893     
          32          34   1.3319182221927748     
