   -0.37992209
    0.35947889
   -0.37737802
    0.36441538
   -0.03838190
    0.07169022
    0.08220386
   -0.17462452
    0.23327599
    0.26759351
   -0.45306225
   -0.02505183
    0.08099366
    0.07698594
   -0.16851298
    0.20710791
    0.26577849
   -0.45279441
    0.03373787
   -0.34929256
    0.14105066
    0.15161841
    0.03264076
   -0.06698218
    0.05191789
    0.04991988
    0.00442550
   -0.04607735
    0.03782576
   -0.03287880
    0.02986879
   -0.03032202
    0.03826120
   -0.03046634
    0.05313121
   -0.04075589
    0.03258136
