           1           2   1.7704784778207896     
           1           3  0.18179878225667323     
           2           3   1.1995613346908263     
           3           4  0.76641839908934140     
           2           5  0.92741137988875511     
           5           6  0.95209377490829117     
           5           7  0.97369805334100101     
           5           8  0.98951888004561128     
           8           9  0.87197834151082065     
           8          10   1.3369106099423560     
           8          11  0.20439813097123258     
          10          11   1.6041764174035256     
          10          12  0.94282299526368696     
          12          13  0.97168786104742533     
          12          14  0.95262967064436199     
          12          15  0.99519743480505496     
          15          16  0.91514331432544893     
          15          17   1.2928722968254303     
          15          18  0.19348230493967877     
          17          18   1.6280568654409688     
          17          19  0.95025155834820718     
          19          20   1.0147820430569299     
          20          21  0.96520624852592984     
          20          22  0.95931971806869809     
          19          23  0.95415712980817036     
          19          24  0.95815684639100773     
          24          25  0.97405294403110232     
          24          26  0.96232581208557844     
          24          27   1.0106282533485706     
          27          28   1.4065853579864562     
          28          29  0.96687495929821921     
          28          30   1.4462198324218614     
          30          31  0.97114564591583430     
          27          32  0.10986503792133878     
          30          32   1.4369003543657040     
          32          33  0.97090498928282476     
          28          34  0.11186197374941623     
          32          34   1.4405328283473589     
          34          35  0.96801946037810671     
          27          36   1.4178220301056239     
          30          36  0.11004277881759025     
          34          36   1.4414963177208893     
          36          37  0.96848832491308279     
