   -0.37312425
    0.35835510
   -0.37411450
    0.36266789
   -0.03898651
    0.07229209
    0.08186004
   -0.17172885
    0.22970925
    0.26783789
   -0.45179879
   -0.02573563
    0.07784132
    0.08186301
   -0.16870862
    0.20034178
    0.26340773
   -0.44214041
    0.02782507
   -0.35350540
    0.14678527
    0.15138194
    0.05141063
   -0.06587756
    0.03684786
    0.04729892
    0.01149596
   -0.03191232
    0.04695974
   -0.02965645
    0.03418351
   -0.03263700
    0.03105655
   -0.03153611
    0.02915515
   -0.04179796
    0.02268368
