           1           2   1.7779163318515097     
           1           3  0.18189686078570322     
           2           3   1.1954469627363489     
           3           4  0.77667557367788420     
           2           5  0.92541815834426178     
           5           6  0.95245359625889880     
           5           7  0.97357844162143281     
           5           8  0.98999269069596330     
           8           9  0.88181165171266795     
           8          10   1.3316122275045235     
           8          11  0.20549639614343179     
          10          11   1.6091650169611746     
          10          12  0.94300799333523111     
          12          13  0.95369057096423648     
          12          14  0.97176443415345004     
          12          15  0.99241402072301732     
          15          16  0.92469279699531826     
          15          17   1.2839446638014840     
          15          18  0.19504945521317874     
          17          18   1.6459800048603062     
          17          19  0.94440183664743671     
          19          20   1.0138884775600037     
          20          21  0.96463392485485144     
          20          22  0.96168757405030914     
          19          23  0.94491482106267621     
          19          24  0.96718280373752830     
          24          25  0.96771965528376369     
          24          26  0.97453201194320438     
          24          27   1.0089966478806041     
          27          28   1.4174140826401258     
          28          29  0.96744998466793897     
          28          30   1.4416188681740854     
          30          31  0.97097880770486500     
          27          32  0.10975989779153683     
          30          32   1.4415966403491987     
          32          33  0.97146112344485647     
          28          34  0.11083003792790364     
          32          34   1.4353124315232080     
          34          35  0.97128734263987737     
          27          36   1.4094713578073235     
          30          36  0.11132192834655658     
          34          36   1.4486235244615866     
          36          37  0.96937290879586224     
