           2           7  0.19470782751670018     
           3           8  0.20415856028869894     
           4           9  0.19404724273901980     
           5          10  0.19798454274132149     
           6          11  0.19329107373744353     
           1          12  0.19649946048404093     
           1          13   1.6432635654173804     
          12          13   1.2755130492792968     
           7          14  0.96307484151208234     
          13          14  0.93600167604864448     
          14          15  0.98273687625383110     
          15          16   1.0030313883775119     
           7          17  0.98071949112287715     
          16          17   1.0055578765979245     
           2          18   1.6119380879054055     
           7          18   1.2962066787005799     
           8          19  0.97766636637377580     
          18          19  0.93296822313933059     
          19          20   1.0024163718623469     
           3          21   1.6446423528896110     
           8          21   1.3107833272014018     
           9          22  0.99085345333738473     
          21          22  0.91722796124759942     
          22          23   1.0001122882995701     
           4          24   1.6995702613588861     
           9          24   1.2389379512677536     
          10          25  0.97537779692231530     
          24          25  0.93176609402443644     
          25          26  0.99823736056128221     
           5          27   1.6062792581917396     
          10          27   1.3286249479273680     
          11          28  0.97397799670920249     
          27          28  0.92856644242503528     
          28          29   1.0078669036115269     
           6          30   1.6591878731186582     
          11          30   1.2764817988085340     
          12          31  0.96275816437209516     
          30          31  0.93576032895223038     
          31          32  0.98239402824220656     
          32          33   1.0037935377183076     
          12          34  0.98006882758418179     
          33          34   1.0036712166652315     
          14          35  0.95754914520145284     
          15          36  0.97901408493619424     
          15          37  0.97552784214458210     
          16          38  0.97859760836986598     
          16          39  0.97633788656755383     
          17          40  0.95876215151363409     
          17          41  0.96294606466713950     
           8          42  0.85367599595708799     
          19          43  0.94836935701655078     
          20          44  0.98321865670821129     
          20          45  0.97617855937080700     
          20          46  0.98559256455219613     
           9          47  0.92663828921122537     
          22          48  0.94408646805501495     
          23          49  0.98556528387240383     
          23          50  0.97824676926254228     
          23          51  0.98436891457799902     
          10          52  0.90821210093065496     
          25          53  0.95210906331824297     
          26          54  0.98425354899695994     
          26          55  0.98335691037647788     
          26          56  0.98050148302697382     
          11          57  0.90502229746964935     
          28          58  0.95029627785413751     
          29          59  0.98146538290793961     
          29          60  0.98053476478484147     
          29          61  0.98574999955225584     
          31          62  0.95578614503143577     
          32          63  0.97715293828013716     
          32          64  0.97571417910613523     
          33          65  0.97912067983046946     
          33          66  0.97682343057712573     
          34          67  0.96516006650180530     
          34          68  0.97025523047203799     
