           2           7  0.19528689581273181     
           3           8  0.20298944253896006     
           4           9  0.19367902654406394     
           5          10  0.19773355535552384     
           6          11  0.19455956036703403     
           1          12  0.19338395486231477     
           1          13   1.6571996262648379     
          12          13   1.2590893806413188     
           7          14  0.96467726078595839     
          13          14  0.93517685515769711     
          14          15  0.98104575820577333     
          15          16   1.0048286513455535     
           7          17  0.97565979402630532     
          16          17   1.0037484402919745     
           2          18   1.6011200850831715     
           7          18   1.3077997581460115     
           8          19  0.97574231735683759     
          18          19  0.93149687595430219     
          19          20   1.0003260441224824     
           3          21   1.6280429756472288     
           8          21   1.3203629651363387     
           9          22  0.99167858705591039     
          21          22  0.92161359578407531     
          22          23  0.99680751731931172     
           4          24   1.6995094038622693     
           9          24   1.2391501011811517     
          10          25  0.97427267239259530     
          24          25  0.93199473305277813     
          25          26  0.99871798184662020     
           5          27   1.6169829357140770     
          10          27   1.3184517441899994     
          11          28  0.97113122487289105     
          27          28  0.92652785214666566     
          28          29   1.0088986257307919     
           6          30   1.6454909640775393     
          11          30   1.2924100048318377     
          12          31  0.97092021296021225     
          30          31  0.93263845534495493     
          31          32  0.98049973235223764     
          32          33   1.0056882687740147     
          12          34  0.98009109923231075     
          33          34   1.0027941565221927     
          14          35  0.95760913516617130     
          15          36  0.97815756423774369     
          15          37  0.97705690203271012     
          16          38  0.97638026881178253     
          16          39  0.97575734167352657     
          17          40  0.96585303406270384     
          17          41  0.94709795700640143     
           8          42  0.85835198751773034     
          19          43  0.95638254315100457     
          20          44  0.97686643513444948     
          20          45  0.98513113685835230     
          20          46  0.98401262210207885     
           9          47  0.92700481193367257     
          22          48  0.94369628913488612     
          23          49  0.97871847641135179     
          23          50  0.98472571991287616     
          23          51  0.98530105535050039     
          10          52  0.90749682048750535     
          25          53  0.95253850021094633     
          26          54  0.98096317395216048     
          26          55  0.98407442594878658     
          26          56  0.98324781135359141     
          11          57  0.89521669994285336     
          28          58  0.95253827213715658     
          29          59  0.97944745401254374     
          29          60  0.98570801561437438     
          29          61  0.98166326943149396     
          31          62  0.95311743858834341     
          32          63  0.97645182089809879     
          32          64  0.97536160045081521     
          33          65  0.97725824568160624     
          33          66  0.97774097733060295     
          34          67  0.96598561382450332     
          34          68  0.96925904523545825     
