   -0.36767182
    0.35400285
   -0.36642777
    0.33473831
   -0.04144905
    0.07542547
    0.10492600
   -0.18362520
    0.19538947
    0.26466719
   -0.43558026
    0.02415117
    0.05309860
   -0.35774238
    0.14736872
    0.14929405
   -0.06591310
    0.03486690
    0.06241097
   -0.03548770
   -0.01232548
    0.02589366
   -0.10765244
    0.15901755
    0.04303826
   -0.05059474
    0.02819588
   -0.03179649
    0.03485653
   -0.04069953
    0.03321307
   -0.04780964
    0.05101012
   -0.03078918
