           1           2   1.1507431509809023     
           1           3  0.17025726799645138     
           2           3   1.7888047583480782     
           1           4  0.83900032656111123     
           2           5  0.94546150227997561     
           5           6  0.96055524300286843     
           5           7  0.93849745885566094     
           5           8   1.0016646273821834     
           8           9  0.91788487620198056     
           8          10   1.2463415936086317     
           8          11  0.19309331017934137     
          10          11   1.6857278653340191     
          10          12  0.94268940457142603     
          12          13  0.95251958643419266     
          12          14   1.0226047990435905     
          14          15  0.96327073309075462     
          14          16  0.95021852203014567     
          12          17  0.94844255438348202     
          17          18  0.97219748504481851     
          17          19  0.96775540478057254     
          17          20   1.0221391155316344     
          20          21   1.5731412198497916     
          21          22  0.96898354370118045     
          21          23   1.1921120471344977     
          23          24  0.94694300971809775     
          23          25   1.1759589022816084     
          25          26   1.3351029091728079     
          26          27  0.96830355052142536     
          26          28   1.4975619217797023     
          28          29  0.97156085195021602     
          28          30   1.3693694000965662     
          30          31  0.97134410033573881     
          26          32  0.11543496785974260     
          30          32   1.5039237266857399     
          32          33  0.96425506215019907     
          20          34   1.1995792634937854     
          25          34   1.2493761829208194     
          32          34   1.3198799887688979     
