   -0.37380079
    0.35720153
   -0.37577546
    0.36235429
   -0.03943595
    0.08203323
    0.07601340
   -0.17295093
    0.22986988
    0.26735223
   -0.45365914
   -0.02532494
    0.07848122
    0.08060167
   -0.16882967
    0.20499330
    0.26393149
   -0.45599958
    0.02856724
   -0.35610465
    0.15260176
    0.15148687
    0.05743692
   -0.07112764
    0.06426235
    0.03926873
    0.00972081
   -0.03966412
    0.04323893
   -0.03000755
    0.03212285
   -0.03247499
    0.03130593
   -0.03235313
    0.03017445
   -0.04146368
    0.02595313
