           1           2   1.7785100604503719     
           1           3  0.18118866762383881     
           2           3   1.1916345715260135     
           3           4  0.77983604853817678     
           2           5  0.92649520516759398     
           5           6  0.97321469569296104     
           5           7  0.95309622374876346     
           5           8  0.99045173666423980     
           8           9  0.87990562021417540     
           8          10   1.3298232693286351     
           8          11  0.20494437645737054     
          10          11   1.6098382792413886     
          10          12  0.94158561626309889     
          12          13  0.95608638688229841     
          12          14  0.97128872203871353     
          12          15  0.99283095922186593     
          15          16  0.91378193496653559     
          15          17   1.2942882618769191     
          15          18  0.19119268945294551     
          17          18   1.6257155653579514     
          17          19  0.94768660922412196     
          19          20   1.0235211783029405     
          20          21  0.96151587622228119     
          20          22  0.95346442690642053     
          19          23  0.94589797265914877     
          19          24  0.95232461038766270     
          24          25  0.96658324700458165     
          24          26  0.97306677830295074     
          24          27   1.0155747891867688     
          27          28   1.4063100722505473     
          28          29  0.96782924420197491     
          28          30   1.4507719928618776     
          30          31  0.97105363582867732     
          27          32  0.10892363814170408     
          30          32   1.4338063969899548     
          32          33  0.97143925416196919     
          28          34  0.11224434977177791     
          32          34   1.4431258734805463     
          34          35  0.97123703222382840     
          27          36   1.4115573164180337     
          30          36  0.10941444971780186     
          34          36   1.4387496588938777     
          36          37  0.96886160549465006     
