   -0.38175533
    0.35645171
   -0.37351941
    0.35491089
   -0.04064339
    0.10798009
    0.07760497
   -0.17557238
    0.19857346
    0.27109439
   -0.42027491
   -0.02442008
    0.07827227
    0.06601309
   -0.16016069
    0.20942577
    0.26583836
   -0.48578026
    0.02779740
   -0.35767235
    0.15544067
    0.15106612
    0.05567537
   -0.07447944
    0.07212024
    0.04081511
    0.01092669
   -0.03850561
    0.01818852
   -0.02738331
    0.03921478
   -0.02875109
    0.03532218
   -0.02746598
    0.03326434
   -0.03805771
    0.02844555
