           1           2   1.7677694172187723     
           1           3  0.17329780493393937     
           2           3   1.1802995151178164     
           3           4  0.79200047954738662     
           2           5  0.93753891690602986     
           5           6  0.94599565278413900     
           5           7  0.94735961005750557     
           5           8   1.0036954029934115     
           8           9  0.91996496682870510     
           8          10   1.2622023562961584     
           8          11  0.20590414727030798     
          10          11   1.6969756674075387     
          10          12  0.92986506166426042     
          12          13  0.97133262639237694     
          12          14  0.96454782942261330     
          12          15  0.98735707748796830     
          15          16  0.91183240436866941     
          15          17   1.3097923516313730     
          15          18  0.18045873833888887     
          17          18   1.5829376834704287     
          17          19  0.95100570884885705     
          19          20   1.0205694043071034     
          20          21  0.95236970060485349     
          20          22  0.96195233612725950     
          19          23  0.94399906395800226     
          19          24  0.96707691748542635     
          24          25  0.95107032236027667     
          24          26  0.97295739613146170     
          24          27   1.0123974428518077     
          27          28   1.4111762312586194     
          28          29  0.95925973728462777     
          28          30   1.4405853805885807     
          30          31  0.97051437639294991     
          27          32  0.10938557436534217     
          30          32   1.4408141512369292     
          32          33  0.97104232038972083     
          28          34  0.10994092380337800     
          32          34   1.4364021399363671     
          34          35  0.97091481397498214     
          27          36   1.4083881386285926     
          30          36  0.11172197831537414     
          34          36   1.4479915144775302     
          36          37  0.96906065512060824     
