   -0.38435928
    0.35455231
   -0.36805251
    0.35819342
   -0.04244115
    0.07313867
    0.10921772
   -0.17832169
    0.17380159
    0.28406336
   -0.41135302
   -0.02159904
    0.06147102
    0.07767928
   -0.17288592
    0.17888184
    0.26105806
   -0.45358435
    0.02577754
   -0.33304530
    0.15238349
    0.13747506
    0.06773143
   -0.07441274
    0.06581904
    0.03779010
    0.00242528
   -0.03477252
    0.04199065
   -0.02163854
    0.05452100
   -0.03144221
    0.04621664
   -0.03757230
    0.03145278
   -0.04907980
    0.01892013
