           1           2   1.7620674900542670     
           1           3  0.17472736860546589     
           2           3   1.1840123617847269     
           3           4  0.80037475196834151     
           2           5  0.94164048327219518     
           5           6  0.96078411286837295     
           5           7  0.93839329622289080     
           5           8  0.99962693098427691     
           8           9  0.92242484950477055     
           8          10   1.2428482365982270     
           8          11  0.19816320556703337     
          10          11   1.7069022297567908     
          10          12  0.94081958626287510     
          12          13  0.96081413310693264     
          12          14  0.96015432595658912     
          12          15  0.98925944316836467     
          15          16  0.93447001996088130     
          15          17   1.2732149588528885     
          15          18  0.18867955254285007     
          17          18   1.6362885932802913     
          17          19  0.93216048944126773     
          19          20   1.0149788462579057     
          20          21  0.96243097879980488     
          20          22  0.96379079862007133     
          19          23  0.96197616309079870     
          19          24  0.96606071461451160     
          24          25  0.96398776159721511     
          24          26  0.97073002856276480     
          24          27   1.0096864460538706     
          27          28   1.4093139210184535     
          28          29  0.96853658676338394     
          28          30   1.4498983544455262     
          30          31  0.96904144449202678     
          27          32  0.10949855949567971     
          30          32   1.4333169402868404     
          32          33  0.97018808192333206     
          28          34  0.11064147786959591     
          32          34   1.4398408504883102     
          34          35  0.97088499156257624     
          27          36   1.4126950410247314     
          30          36  0.10984925797576169     
          34          36   1.4287493487687344     
          36          37  0.96858880668793912     
