           2           7  0.20089402297416598     
           3           8  0.18939794070148802     
           4           9  0.18482473953358777     
           5          10  0.20180385777400894     
           6          11  0.19933932882574745     
           1          12  0.19532343768393465     
           1          13   1.5930687022098928     
          12          13   1.3083765833742100     
           7          14  0.98314212802867751     
          13          14  0.93861939458409427     
          14          15  0.97606727985052466     
          15          16   1.0048094937193350     
           7          17  0.97418056339484926     
          16          17   1.0081946756129858     
           2          18   1.6696083079883643     
           7          18   1.2671474649248207     
           8          19  0.96471944946322297     
          18          19  0.92794806211780834     
          19          20   1.0002120686528977     
           3          21   1.6405503109356381     
           8          21   1.2927933904446383     
           9          22  0.99576704188365106     
          21          22  0.92435657592558251     
          22          23  0.99905104536174638     
           4          24   1.7123815288718278     
           9          24   1.2241027144802539     
          10          25  0.97939813390580810     
          24          25  0.92894825230983891     
          25          26  0.99672380249313941     
           5          27   1.6297725455924015     
          10          27   1.3207973934897226     
          11          28  0.97320743368747498     
          27          28  0.92425825883428292     
          28          29  0.99216897097626511     
           6          30   1.6361039336450043     
          11          30   1.3102361358973336     
          12          31  0.96003641902732817     
          30          31  0.92208390991977163     
          31          32  0.99823669565517203     
          32          33   1.0043605685825003     
          12          34  0.97727327551116128     
          33          34   1.0027373029900188     
          14          35  0.94598184967077659     
          15          36  0.97813352368631534     
          15          37  0.97464933650532659     
          16          38  0.97669782704904862     
          16          39  0.97752533661231267     
          17          40  0.96691198988105598     
          17          41  0.96795999482065631     
           8          42  0.93124711160446094     
          19          43  0.94715725994351629     
          20          44  0.98242297603357787     
          20          45  0.98121375279608225     
          20          46  0.97747500706469792     
           9          47  0.92893201597507458     
          22          48  0.93900009373510462     
          23          49  0.98123822702655894     
          23          50  0.98535170040345310     
          23          51  0.98222552084951376     
          10          52  0.87741849511193115     
          25          53  0.95436661967967684     
          26          54  0.98459758852458301     
          26          55  0.98419819710363232     
          26          56  0.98120434960044334     
          11          57  0.89698566786860745     
          28          58  0.96514624273770511     
          29          59  0.98373739188099141     
          29          60  0.98374713113598578     
          29          61  0.97969568651830730     
          31          62  0.95242668857383284     
          32          63  0.97822126769313666     
          32          64  0.97145034245456685     
          33          65  0.97877908188260843     
          33          66  0.97520798889078530     
          34          67  0.95734234786689143     
          34          68  0.96690600013825856     
