   -0.37356181
    0.35808768
   -0.37799257
    0.36421463
   -0.03683016
    0.07690823
    0.07337724
   -0.17300066
    0.18291606
    0.25986760
   -0.45763843
    0.03291297
    0.03637196
   -0.33396126
    0.15999640
    0.14476875
   -0.06740784
    0.05389258
    0.05986429
   -0.04264129
   -0.01486405
    0.02906474
   -0.11022667
    0.15798808
    0.04152371
   -0.05210882
    0.02517124
   -0.02828553
    0.03750274
   -0.03216515
    0.04074628
   -0.03783261
    0.02945374
   -0.02611205
