           1           2   1.1981358257820631     
           1           3  0.18164065059718529     
           2           3   1.7741542604762119     
           1           4  0.77219308700894684     
           2           5  0.92523989635100934     
           5           6  0.95359310754619997     
           5           7  0.97453232216252639     
           5           8  0.98796768162302240     
           8           9  0.93092434907910193     
           8          10   1.2840564571996489     
           8          11  0.18554843976406171     
          10          11   1.6144069906904601     
          10          12  0.94349310690377386     
          12          13  0.95786512899427589     
          12          14   1.0300688012405774     
          14          15  0.95678423990448003     
          14          16  0.96314595842303774     
          12          17  0.94990979708771528     
          17          18  0.97091767785667216     
          17          19  0.96634721494402953     
          17          20   1.0197283493900300     
          20          21   1.5750248736382364     
          21          22  0.96987147094168658     
          21          23   1.1952162186785678     
          23          24  0.94726507754095890     
          23          25   1.1683375724133007     
          25          26   1.3362990268602493     
          26          27  0.96847644793453791     
          26          28   1.4968319457051704     
          28          29  0.97137325326741786     
          28          30   1.3699047679731182     
          30          31  0.97072823172115807     
          26          32  0.11561400280466619     
          30          32   1.5089140108047223     
          32          33  0.96761386909360780     
          20          34   1.1975801952898535     
          25          34   1.2562824128311758     
          32          34   1.3271431331846506     
