   -0.37459729
    0.35858773
   -0.37676439
    0.36430157
   -0.03499890
    0.07340476
    0.07039593
   -0.17477200
    0.18682356
    0.25902465
   -0.45510332
    0.03376776
    0.04104453
   -0.33436635
    0.16025150
    0.14531886
   -0.06593318
    0.05079645
    0.06469557
   -0.03838352
   -0.00834547
    0.03409010
   -0.10490243
    0.16140141
    0.04261944
   -0.05289839
    0.02736236
   -0.03528971
    0.03284572
   -0.04134606
    0.03078090
   -0.04221050
    0.02877752
   -0.02637882
