           1           2   1.2014745072641644     
           1           3  0.18317662371312968     
           2           3   1.7738445552043030     
           1           4  0.76776483665299522     
           2           5  0.92566386054048677     
           5           6  0.97498729867323131     
           5           7  0.95344416922769581     
           5           8  0.98634507051922859     
           8           9  0.92938427334410756     
           8          10   1.2862616597903855     
           8          11  0.18636190489317295     
          10          11   1.6147701161477985     
          10          12  0.94376145984649573     
          12          13  0.95654261195755308     
          12          14   1.0311333411483030     
          14          15  0.95625897946292493     
          14          16  0.96327067838203639     
          12          17  0.94955816508498048     
          17          18  0.97334979869869120     
          17          19  0.96196770293290901     
          17          20   1.0200578770948316     
          20          21   1.5831598007951102     
          21          22  0.96946465361795875     
          21          23   1.1954469698617889     
          23          24  0.94623165425347744     
          23          25   1.1771324029686494     
          25          26   1.3371522179153457     
          26          27  0.96834975924722944     
          26          28   1.4955862407846805     
          28          29  0.97176883194992991     
          28          30   1.3699222149842643     
          30          31  0.97153419019304299     
          26          32  0.11384964234320481     
          30          32   1.5064004670505804     
          32          33  0.96780491374315858     
          20          34   1.1981360538529093     
          25          34   1.2474800116682287     
          32          34   1.3269502195468310     
