   -0.38374840
    0.35475815
   -0.37442121
    0.35836012
   -0.04163807
    0.10844092
    0.07320579
   -0.18026465
    0.17611760
    0.28524911
   -0.41177185
   -0.02154039
    0.07718421
    0.06177245
   -0.17538992
    0.17757170
    0.26220067
   -0.45419728
    0.03268101
   -0.33716803
    0.16427104
    0.14973660
    0.04162296
   -0.07474102
    0.03463754
    0.07272711
    0.00597491
   -0.04996177
    0.01725551
   -0.03768103
    0.02983961
   -0.02951049
    0.04623929
   -0.02061932
    0.05043957
   -0.03451293
    0.04688050
