           1           2   1.7647582149397691     
           1           3  0.17379649743476089     
           2           3   1.1796153986712674     
           3           4  0.79650343081215624     
           2           5  0.94305972134071891     
           5           6  0.93858727612593063     
           5           7  0.96048164945162606     
           5           8  0.99966437788346052     
           8           9  0.91772778775826591     
           8          10   1.2426680950621054     
           8          11  0.19781729706167872     
          10          11   1.7070305428720116     
          10          12  0.94147727324520858     
          12          13  0.96076948774784598     
          12          14  0.96053465425037388     
          12          15  0.98638519542062952     
          15          16  0.93841448265118210     
          15          17   1.2734707471402404     
          15          18  0.18394004540529019     
          17          18   1.6311906236918392     
          17          19  0.93446042321611422     
          19          20   1.0371053575838858     
          20          21  0.95056220881124753     
          20          22  0.96077792735335610     
          19          23  0.95194358128158429     
          19          24  0.95467123220107264     
          24          25  0.97401436872377389     
          24          26  0.96395800350245331     
          24          27   1.0129444803498133     
          27          28   1.4085624229402676     
          28          29  0.96817803241147504     
          28          30   1.4301718574500617     
          30          31  0.97062116835942414     
          27          32  0.10931269924709064     
          30          32   1.4372979873129463     
          32          33  0.97015856063429740     
          28          34  0.10984131013341215     
          32          34   1.4361778049467149     
          34          35  0.96952952911107237     
          27          36   1.4117967424387912     
          30          36  0.10948151582127627     
          34          36   1.4461737546543949     
          36          37  0.96543402346108265     
