   -0.37585471
    0.35734214
   -0.37763046
    0.36457710
   -0.03915182
    0.07372768
    0.07744590
   -0.16411736
    0.20456673
    0.26615725
   -0.45586856
    0.03208363
    0.03962284
   -0.35499688
    0.14563732
    0.15207387
   -0.05931326
    0.04156088
    0.04829538
   -0.03202548
   -0.00220011
    0.02648757
   -0.09857443
    0.16033215
    0.04705987
   -0.05124682
    0.02471871
   -0.03565620
    0.02873032
   -0.04096287
    0.02637665
   -0.03581530
    0.02239089
   -0.01577266
