           1           2   1.2004607339576063     
           1           3  0.18289554590498622     
           2           3   1.7734422579006297     
           1           4  0.76900073530673807     
           2           5  0.92428928381762054     
           5           6  0.95325550344837107     
           5           7  0.97385738287044565     
           5           8  0.99220581551612130     
           8           9  0.91766618608935091     
           8          10   1.3020818519581048     
           8          11  0.19290818988628786     
          10          11   1.6113617330391845     
          10          12  0.95332728692575497     
          12          13  0.95588743128697207     
          12          14   1.0113509325468624     
          14          15  0.96470684201922219     
          14          16  0.95984377931353559     
          12          17  0.95487945514562766     
          17          18  0.97430712831859023     
          17          19  0.96567219571943452     
          17          20   1.0166044832651004     
          20          21   1.5806142715178466     
          21          22  0.96987077120515797     
          21          23   1.2007707802492307     
          23          24  0.94661860996560465     
          23          25   1.1768831787887817     
          25          26   1.3382437592961947     
          26          27  0.96852087372371443     
          26          28   1.4943578340781953     
          28          29  0.97206102887070411     
          28          30   1.3708427134851704     
          30          31  0.97186836615354333     
          26          32  0.11347331933425317     
          30          32   1.5052566830511998     
          32          33  0.96902679157452265     
          20          34   1.2044924495986162     
          25          34   1.2476816730267655     
          32          34   1.3310629464187869     
