   -0.37335966
    0.35691140
   -0.37705956
    0.36204612
   -0.03929839
    0.08228934
    0.07723673
   -0.17308532
    0.22940430
    0.26726223
   -0.45409962
   -0.02609064
    0.07864870
    0.08128739
   -0.16887107
    0.20647115
    0.26192427
   -0.45353236
    0.03379784
   -0.35592479
    0.14502362
    0.15679550
    0.03606941
   -0.06715381
    0.04840891
    0.05513715
    0.01167084
   -0.04075300
    0.03175547
   -0.03065855
    0.03243604
   -0.03141664
    0.03318317
   -0.02874213
    0.03452525
   -0.03755942
    0.03532014
