           1           2   1.7795064037999808     
           1           3  0.18075241547976609     
           2           3   1.1891323924120851     
           3           4  0.78149605759599794     
           2           5  0.92715230492983769     
           5           6  0.97300019941083393     
           5           7  0.95337894822854896     
           5           8  0.99031878806701323     
           8           9  0.88245508916559168     
           8          10   1.3275505777591838     
           8          11  0.20435750514922449     
          10          11   1.6105809935092512     
          10          12  0.94164648938221385     
          12          13  0.95721692711216011     
          12          14  0.97102386146896658     
          12          15  0.99297140436446485     
          15          16  0.91424907706908076     
          15          17   1.2882904553503292     
          15          18  0.19276583516080789     
          17          18   1.6336942386882267     
          17          19  0.94715443901470397     
          19          20   1.0152693815160521     
          20          21  0.96503455792758996     
          20          22  0.95272556394784735     
          19          23  0.95445534282204247     
          19          24  0.95628184251595105     
          24          25  0.97365949194196888     
          24          26  0.96758295344228173     
          24          27   1.0095466086581604     
          27          28   1.4135420040591835     
          28          29  0.96835505919320475     
          28          30   1.4395951214323766     
          30          31  0.97106490625398312     
          27          32  0.10920448768158075     
          30          32   1.4426594434193047     
          32          33  0.97135294684200224     
          28          34  0.10985918808479224     
          32          34   1.4343741438377218     
          34          35  0.97093273491294418     
          27          36   1.4077123450122848     
          30          36  0.11203498725648293     
          34          36   1.4501775734885813     
          36          37  0.96892097114536901     
