   -0.38149883
    0.35871674
   -0.37904303
    0.36550030
   -0.03882097
    0.07683182
    0.07440107
   -0.16603339
    0.20222214
    0.26425198
   -0.45761256
    0.02686741
    0.06416424
   -0.35577361
    0.14718472
    0.15198959
   -0.05690348
    0.03005908
    0.04227628
   -0.02976405
    0.00105626
    0.03780328
   -0.09609057
    0.16175301
    0.04656059
   -0.05162827
    0.02392815
   -0.03682307
    0.02698398
   -0.04206657
    0.02420883
   -0.03738206
    0.01950539
   -0.01682438
