           1           2   1.1996560749858438     
           1           3  0.18253255679556948     
           2           3   1.7733490981117515     
           1           4  0.76161377036413413     
           2           5  0.92688539805725567     
           5           6  0.97456452077048428     
           5           7  0.95216669772756879     
           5           8  0.98988620692295615     
           8           9  0.91738515221774553     
           8          10   1.2992691494621309     
           8          11  0.18919117566681645     
          10          11   1.6019527087989684     
          10          12  0.95758614973502665     
          12          13  0.95255135516306066     
          12          14   1.0173102490359283     
          14          15  0.96138004177299552     
          14          16  0.96273757868477672     
          12          17  0.94595708410267154     
          17          18  0.97481731005421546     
          17          19  0.96738148616834507     
          17          20   1.0199029937874429     
          20          21   1.5746549066541395     
          21          22  0.96899900158841512     
          21          23   1.2049188197485237     
          23          24  0.94614223513653539     
          23          25   1.1780949718038434     
          25          26   1.3399324514263977     
          26          27  0.96856512511682846     
          26          28   1.4923454091885935     
          28          29  0.97216847583233457     
          28          30   1.3721280991339699     
          30          31  0.97197686152648544     
          26          32  0.11271466409254285     
          30          32   1.5031138410459011     
          32          33  0.96922997510023234     
          20          34   1.2046744916305006     
          25          34   1.2449329934406392     
          32          34   1.3325301089417008     
