   -0.37279645
    0.35822662
   -0.37380885
    0.36244832
   -0.03881286
    0.07268048
    0.08171931
   -0.17169068
    0.22897014
    0.26794817
   -0.45145840
   -0.02583159
    0.07861500
    0.08195371
   -0.16787959
    0.20162615
    0.26322019
   -0.44610421
    0.02769647
   -0.35333577
    0.14718895
    0.15276429
    0.05170208
   -0.07018942
    0.03648591
    0.05648192
    0.00874285
   -0.04027113
    0.05210252
   -0.03007385
    0.03256552
   -0.03251846
    0.03045065
   -0.03125646
    0.02927605
   -0.04043328
    0.02359569
