           1           2   1.7782823909122967     
           1           3  0.18184576512888151     
           2           3   1.1949540529711471     
           3           4  0.77797872831210613     
           2           5  0.92522684555623735     
           5           6  0.95251301108458497     
           5           7  0.97350174787004162     
           5           8  0.99031035454720595     
           8           9  0.88281898908750223     
           8          10   1.3299777202282297     
           8          11  0.20538668946939381     
          10          11   1.6106057568213126     
          10          12  0.94300982951122547     
          12          13  0.95330829869538913     
          12          14  0.97159517120167471     
          12          15  0.99244913753354236     
          15          16  0.92191746452534551     
          15          17   1.2891689838463269     
          15          18  0.19351243437080937     
          17          18   1.6383060754642655     
          17          19  0.94498586127921747     
          19          20   1.0159349120920333     
          20          21  0.96445597895303659     
          20          22  0.96154235730963600     
          19          23  0.94524802793118523     
          19          24  0.96213907884958394     
          24          25  0.97256753571790755     
          24          26  0.96912759505425394     
          24          27   1.0110757471984835     
          27          28   1.4102323094081251     
          28          29  0.96542386817916603     
          28          30   1.4482804043855051     
          30          31  0.97101114517667464     
          27          32  0.10949565788780605     
          30          32   1.4363371039758870     
          32          33  0.97149179765339688     
          28          34  0.11204975835298978     
          32          34   1.4406404677245022     
          34          35  0.97129764138097285     
          27          36   1.4153922534468211     
          30          36  0.11045414612530915     
          34          36   1.4424558260395854     
          36          37  0.96949873694122823     
