   -0.36826162
    0.35673792
   -0.36045712
    0.32600018
   -0.03343035
    0.09765053
    0.06838848
   -0.18799263
    0.22483154
    0.27404108
   -0.42431020
   -0.02552091
    0.07279061
    0.07851310
   -0.17077075
    0.17733701
    0.26523664
   -0.45394946
    0.03732575
   -0.33806980
    0.15584474
    0.16307648
    0.03375944
   -0.07167213
    0.06181105
    0.05282078
    0.00684744
   -0.03887028
    0.03254754
   -0.03121696
    0.03118720
   -0.03401352
    0.03080020
   -0.03166650
    0.03140075
   -0.04143843
    0.03269221
