           1           2   1.7917159341205853     
           1           3  0.16339133599118091     
           2           3   1.1301564462337605     
           3           4  0.87230705135791631     
           2           5  0.94934484140855946     
           5           6  0.94267678256482779     
           5           7  0.95190720384721039     
           5           8   1.0141228537812850     
           8           9  0.88301258300056595     
           8          10   1.2528548560321489     
           8          11  0.19811079753566291     
          10          11   1.7020482109750661     
          10          12  0.93682338269991472     
          12          13  0.97260838233932001     
          12          14  0.95982580713484222     
          12          15  0.98605700176987043     
          15          16  0.93993573750970982     
          15          17   1.2693078447110606     
          15          18  0.18502943255665294     
          17          18   1.6372521684902559     
          17          19  0.93913415315791071     
          19          20   1.0272134995956734     
          20          21  0.95755807532986559     
          20          22  0.95388624129695165     
          19          23  0.96120168000731798     
          19          24  0.95121405592685837     
          24          25  0.96619586911249822     
          24          26  0.97212372454979024     
          24          27   1.0147132719547207     
          27          28   1.4112235576602701     
          28          29  0.96895207718958332     
          28          30   1.4453505797259865     
          30          31  0.97112437750523939     
          27          32  0.10973738033840258     
          30          32   1.4386786337016624     
          32          33  0.97151425041851602     
          28          34  0.11070285125584016     
          32          34   1.4371551580073152     
          34          35  0.97112535445113468     
          27          36   1.4102740312982149     
          30          36  0.11078429716661901     
          34          36   1.4470385207490126     
          36          37  0.96931109384658298     
