   -0.45803143
   -0.48605891
   -0.44670200
   -0.42298954
   -0.44562475
   -0.46409145
   -0.08371936
   -0.19237045
   -0.18214325
   -0.17970418
   -0.18270069
   -0.10328270
    0.26836995
    0.02764906
   -0.05985077
   -0.06048400
   -0.01182329
    0.26006196
    0.03330297
   -0.11420333
    0.27064709
    0.01780905
   -0.11265967
    0.28291954
    0.03007253
   -0.11437966
    0.27056008
    0.02634017
   -0.11466645
    0.27135429
    0.02167405
   -0.06147654
   -0.06503271
   -0.00077091
    0.04071241
    0.04205800
    0.06716623
    0.04321584
    0.05512889
    0.04700653
    0.09823976
    0.22786006
    0.05963525
    0.05562321
    0.04587464
    0.07283478
    0.18951882
    0.07056595
    0.07066797
    0.05270648
    0.04256806
    0.21458026
    0.04590345
    0.04750457
    0.05344443
    0.07168179
    0.22521777
    0.06152583
    0.07384953
    0.04513294
    0.06047416
    0.07623969
    0.05164760
    0.06257167
    0.05231606
    0.05440802
    0.05962938
    0.04449525
