           2           7  0.18947609844901875     
           3           8  0.19592988013584881     
           4           9  0.19598888176132884     
           5          10  0.19967894443222173     
           6          11  0.19567003519513823     
           1          12  0.19366124195184181     
           1          13   1.6540704492437603     
          12          13   1.2619521321346929     
           7          14  0.96257126337147281     
          13          14  0.93632725654664228     
          14          15  0.98186441582604689     
          15          16   1.0034729693247773     
           7          17  0.97284708240722362     
          16          17   1.0052224723097691     
           2          18   1.5855921643958057     
           7          18   1.3120274064365562     
           8          19  0.97161285909880135     
          18          19  0.93043180724677599     
          19          20   1.0053546829697670     
           3          21   1.6605038638125338     
           8          21   1.2859776791138913     
           9          22  0.98813678883342726     
          21          22  0.92693044581639961     
          22          23  0.99679704274210212     
           4          24   1.6967033656991102     
           9          24   1.2458615362178107     
          10          25  0.97092092964010501     
          24          25  0.93226233013956883     
          25          26  0.99736870004513978     
           5          27   1.6229475729024325     
          10          27   1.3170975572568886     
          11          28  0.97313905336968831     
          27          28  0.91898075567363391     
          28          29   1.0088873320217178     
           6          30   1.6279048249208186     
          11          30   1.3089701885623590     
          12          31  0.97211093234501955     
          30          31  0.93386323665423965     
          31          32  0.97999219258784576     
          32          33   1.0057652186057762     
          12          34  0.97971518064320096     
          33          34   1.0029066875990711     
          14          35  0.95691760475319609     
          15          36  0.97849001295079296     
          15          37  0.97393087516404153     
          16          38  0.97946622813032769     
          16          39  0.97640788949455526     
          17          40  0.96988906985822121     
          17          41  0.94823433993170037     
           8          42  0.87253981383251455     
          19          43  0.95798033649148184     
          20          44  0.98368634080691164     
          20          45  0.98425621776117778     
          20          46  0.97792291405021703     
           9          47  0.93023438018317273     
          22          48  0.93959145015528178     
          23          49  0.98014906397748403     
          23          50  0.98541916313593825     
          23          51  0.98606977019980069     
          10          52  0.89925599015595503     
          25          53  0.95065133561724746     
          26          54  0.98394918101884099     
          26          55  0.98352788866935192     
          26          56  0.98225728954373059     
          11          57  0.88361151211311251     
          28          58  0.95457259887855284     
          29          59  0.97603399403971824     
          29          60  0.98562464906305269     
          29          61  0.98196155009989283     
          31          62  0.95061520819348511     
          32          63  0.97648185871339321     
          32          64  0.97486569216019947     
          33          65  0.97745093192969323     
          33          66  0.97832436210828200     
          34          67  0.96726559701087211     
          34          68  0.96914132338989845     
