   -0.37731011
    0.35814538
   -0.38227797
    0.36674038
   -0.03827502
    0.07900037
    0.07680119
   -0.16997188
    0.18110978
    0.27466894
   -0.44147241
    0.03206504
    0.03679645
   -0.33859761
    0.14608181
    0.17058901
   -0.06635633
    0.04764714
    0.02660239
   -0.04113432
   -0.00990911
    0.02504586
   -0.09590709
    0.17101751
    0.04664405
   -0.05044038
    0.02707163
   -0.03553502
    0.02819172
   -0.04188350
    0.02527951
   -0.03697122
    0.02255570
   -0.01601191
