           1           2   1.1997947224727079     
           1           3  0.18161275609021668     
           2           3   1.7690372471986662     
           1           4  0.76873171441608734     
           2           5  0.92707327803759765     
           5           6  0.95544859852497144     
           5           7  0.97449970557382615     
           5           8  0.98705672525027732     
           8           9  0.93951846354574253     
           8          10   1.2754870578552846     
           8          11  0.18465183002741301     
          10          11   1.6286668631501064     
          10          12  0.95397545339310019     
          12          13  0.95359445730455494     
          12          14   1.0397297136685653     
          14          15  0.95989094940179664     
          14          16  0.94850818558411154     
          12          17  0.93219656407043305     
          17          18  0.96684215787209526     
          17          19  0.97496800225209779     
          17          20   1.0185939542148623     
          20          21   1.5682471162071439     
          21          22  0.96901803087793759     
          21          23   1.2073822836439168     
          23          24  0.94261378796298678     
          23          25   1.1820230471730473     
          25          26   1.3363297747519618     
          26          27  0.96838504249177848     
          26          28   1.4964593237798023     
          28          29  0.97204615216867329     
          28          30   1.3694658462594722     
          30          31  0.97193056521530341     
          26          32  0.11357046043963109     
          30          32   1.5055602242835191     
          32          33  0.96711693497494478     
          20          34   1.2064506634474219     
          25          34   1.2452335616049226     
          32          34   1.3297991524360833     
