   -0.37118411
    0.35916250
   -0.36897304
    0.36523568
   -0.04114748
    0.07747142
    0.08155968
   -0.16369609
    0.18672660
    0.26938716
   -0.44093436
   -0.01723354
    0.07699898
    0.07848133
   -0.17505336
    0.21424868
    0.26877338
   -0.43966053
    0.03273313
   -0.34738499
    0.14135652
    0.14860001
    0.02682822
   -0.06484109
    0.05190827
    0.04584144
    0.00926095
   -0.04039299
    0.03501587
   -0.03619143
    0.02562236
   -0.03739689
    0.03622356
   -0.03148082
    0.04278344
   -0.03775256
    0.03910409
