           1           2   1.7781632538619849     
           1           3  0.18326711419714747     
           2           3   1.2010969452222668     
           3           4  0.77430898479475341     
           2           5  0.92168761623343420     
           5           6  0.95481583143373427     
           5           7  0.97400261276358568     
           5           8  0.98547420449626122     
           8           9  0.93836684275933124     
           8          10   1.2895266265753489     
           8          11  0.19046474325831114     
          10          11   1.6230932071315998     
          10          12  0.96904190861151451     
          12          13  0.93739289998831066     
          12          14  0.95348306863850651     
          12          15   1.0098081456699002     
          15          16  0.90540233994639019     
          15          17   1.2574080816786692     
          15          18  0.19509292599267106     
          17          18   1.6848890349359147     
          17          19  0.94150180540326822     
          19          20   1.0177497470110823     
          20          21  0.96498851583394685     
          20          22  0.96012561374715610     
          19          23  0.95467739836732046     
          19          24  0.95630942495386007     
          24          25  0.97371517628459658     
          24          26  0.96653748313297516     
          24          27   1.0109536755139943     
          27          28   1.4117726100668058     
          28          29  0.96869767998162160     
          28          30   1.4446915387584116     
          30          31  0.97132202198559514     
          27          32  0.10998957579529053     
          30          32   1.4388959517360744     
          32          33  0.97046523889141068     
          28          34  0.11132559685123200     
          32          34   1.4371551788761012     
          34          35  0.96943554332390969     
          27          36   1.4123780765442595     
          30          36  0.11031471780755973     
          34          36   1.4453784861847869     
          36          37  0.96854198087598831     
