   -0.38061159
    0.35625658
   -0.37217470
    0.35119355
   -0.04257159
    0.07825624
    0.10975345
   -0.17625688
    0.20030878
    0.26998719
   -0.41644026
   -0.02658249
    0.06594124
    0.07908229
   -0.15805939
    0.20772339
    0.26429524
   -0.47739822
    0.02712093
   -0.35390880
    0.14694313
    0.15347526
    0.06101835
   -0.06257449
    0.03803218
    0.03605419
    0.01414521
   -0.03754998
    0.02393599
   -0.02339600
    0.03786615
   -0.02778063
    0.03487686
   -0.02873206
    0.03037627
   -0.03083848
    0.02823307
