           1           2   1.7668107099531820     
           1           3  0.17359983296947867     
           2           3   1.1797937023637386     
           3           4  0.79721696582604173     
           2           5  0.93754617576391741     
           5           6  0.94890324980673135     
           5           7  0.94457282794464281     
           5           8   1.0046096438637533     
           8           9  0.91719218581507811     
           8          10   1.2618277953028649     
           8          11  0.20614880159333546     
          10          11   1.7021786861768977     
          10          12  0.92867025886793175     
          12          13  0.96427868202312261     
          12          14  0.97147038539914654     
          12          15  0.98775458850846398     
          15          16  0.91527202414857134     
          15          17   1.3122460757978089     
          15          18  0.18492314314005767     
          17          18   1.5926088340026430     
          17          19  0.95154113708610422     
          19          20   1.0168090141084405     
          20          21  0.96357543924826117     
          20          22  0.96149797536386994     
          19          23  0.93926106201371717     
          19          24  0.96547526490725422     
          24          25  0.96591438798669493     
          24          26  0.97557728358110229     
          24          27   1.0076791457980523     
          27          28   1.4106308634738793     
          28          29  0.96844756296223644     
          28          30   1.4478178627997713     
          30          31  0.97076892076736709     
          27          32  0.10994381705278450     
          30          32   1.4358420535397642     
          32          33  0.97123885868576210     
          28          34  0.11101944830808015     
          32          34   1.4408850026988280     
          34          35  0.97119978161555298     
          27          36   1.4152344362086047     
          30          36  0.11090334798781766     
          34          36   1.4427263494608926     
          36          37  0.96898908138447970     
