   -0.37720955
    0.35872486
   -0.37872741
    0.36482016
   -0.03814987
    0.07194445
    0.08173665
   -0.17540776
    0.23433695
    0.26800436
   -0.45355567
   -0.02532101
    0.08088202
    0.07622719
   -0.16602544
    0.20552906
    0.26555997
   -0.45209343
    0.03386500
   -0.34900605
    0.15179188
    0.14113968
    0.03296954
   -0.06745835
    0.05172653
    0.04970823
    0.00581520
   -0.03991203
    0.02953769
   -0.03177947
    0.05389965
   -0.03088688
    0.03597854
   -0.03293768
    0.03039520
   -0.04212694
    0.03600472
