           1           2   1.7753524296661822     
           1           3  0.18085140774604899     
           2           3   1.1941182879249244     
           3           4  0.76838718278145512     
           2           5  0.92697767454172741     
           5           6  0.95290777174106611     
           5           7  0.97358836170632590     
           5           8  0.98989119839186601     
           8           9  0.86904213661903840     
           8          10   1.3367152826372262     
           8          11  0.20479959130585076     
          10          11   1.6051614417441873     
          10          12  0.94210922538867359     
          12          13  0.97209474383877670     
          12          14  0.95363904714930803     
          12          15  0.99417543527599483     
          15          16  0.91835543371407358     
          15          17   1.2939792157875907     
          15          18  0.19376560158209524     
          17          18   1.6266691882492212     
          17          19  0.95090603666946172     
          19          20   1.0147107785583920     
          20          21  0.95935244117327567     
          20          22  0.96531069750184617     
          19          23  0.95490241847389412     
          19          24  0.95599638077812321     
          24          25  0.97324014141261017     
          24          26  0.96494181768612008     
          24          27   1.0119336714575995     
          27          28   1.4138229572549166     
          28          29  0.96846841393201821     
          28          30   1.4445213415997566     
          30          31  0.96585650676610391     
          27          32  0.10974104287339369     
          30          32   1.4383549059166083     
          32          33  0.97109583173616898     
          28          34  0.11061100750835702     
          32          34   1.4387410451122113     
          34          35  0.97112277285777981     
          27          36   1.4083750604102632     
          30          36  0.11146420168267274     
          34          36   1.4447071849142583     
          36          37  0.96819899689630895     
