   -0.36198410
    0.35626550
   -0.36223499
    0.32469549
   -0.03347006
    0.06618388
    0.09851626
   -0.18344108
    0.22556560
    0.27232844
   -0.42869091
   -0.02536061
    0.07644755
    0.07237955
   -0.18088875
    0.18295310
    0.26013887
   -0.45433362
    0.03339118
   -0.33540766
    0.15748350
    0.14548156
    0.03903586
   -0.08063871
    0.06700139
    0.06942968
    0.00509966
   -0.04435562
    0.03107495
   -0.03329282
    0.02956866
   -0.03405243
    0.03090784
   -0.02909920
    0.03788475
   -0.04048604
    0.04590332
