           1           2   1.7931295583446434     
           1           3  0.16312143819780250     
           2           3   1.1269048341572809     
           3           4  0.87304054996219282     
           2           5  0.95094255261261595     
           5           6  0.95082964613896237     
           5           7  0.94102364225304680     
           5           8   1.0148894842986154     
           8           9  0.88262247509942993     
           8          10   1.2631215912718685     
           8          11  0.20213500280571789     
          10          11   1.6943560149860590     
          10          12  0.93619570129710439     
          12          13  0.95955942083559242     
          12          14  0.97253195280647176     
          12          15  0.98919555112296331     
          15          16  0.92454276100626276     
          15          17   1.2670556931479720     
          15          18  0.18395671407450276     
          17          18   1.6399303050933025     
          17          19  0.93997342166161857     
          19          20   1.0304497068485476     
          20          21  0.95834170664232099     
          20          22  0.96208840900881853     
          19          23  0.95356770489680664     
          19          24  0.95517280916473768     
          24          25  0.96082916427927656     
          24          26  0.96988876939698332     
          24          27   1.0151291126997892     
          27          28   1.4034054075785483     
          28          29  0.96898900851188141     
          28          30   1.4489860437872299     
          30          31  0.97118817685413517     
          27          32  0.10899816376815169     
          30          32   1.4353277673421572     
          32          33  0.97146829431090420     
          28          34  0.11129841235250611     
          32          34   1.4401378401746592     
          34          35  0.97057207061274364     
          27          36   1.4051208535899349     
          30          36  0.11016374559678291     
          34          36   1.4429616435854244     
          36          37  0.96412738286922139     
