   -0.37402124
    0.35941651
   -0.38124796
    0.36676128
   -0.03898053
    0.07511533
    0.07254553
   -0.16085418
    0.20503419
    0.26762172
   -0.45800220
    0.03244934
    0.03162316
   -0.35159490
    0.14150194
    0.15078935
   -0.06047428
    0.04193197
    0.05481315
   -0.03796312
   -0.01119114
    0.03004274
   -0.10789753
    0.15657789
    0.04288740
   -0.05020806
    0.02527245
   -0.02776570
    0.03564045
   -0.03300328
    0.03609923
   -0.03696704
    0.02939027
   -0.02534273
