           1           2   1.2059306689490865     
           1           3  0.18245572824820808     
           2           3   1.7699774474775414     
           1           4  0.76326653647036802     
           2           5  0.92308395111342378     
           5           6  0.97484541949546744     
           5           7  0.95262618855351444     
           5           8  0.99222940630501677     
           8           9  0.91628310619396136     
           8          10   1.3090337693653977     
           8          11  0.19345588263749913     
          10          11   1.6049771290457195     
          10          12  0.95354170786879477     
          12          13  0.95469045660716534     
          12          14   1.0137510108290047     
          14          15  0.96606758757478883     
          14          16  0.95983905812282000     
          12          17  0.95407782971407495     
          17          18  0.96681798937722496     
          17          19  0.97122750553105130     
          17          20   1.0182884627879334     
          20          21   1.5780345088620922     
          21          22  0.96957924009181129     
          21          23   1.1955334196838763     
          23          24  0.94776763532528974     
          23          25   1.1694972775113470     
          25          26   1.3373635826323960     
          26          27  0.96845856047543633     
          26          28   1.4956669131164151     
          28          29  0.97150683233297663     
          28          30   1.3711646643851032     
          30          31  0.97110559544197683     
          26          32  0.11569426387814474     
          30          32   1.5074901497097637     
          32          33  0.96760990690094761     
          20          34   1.2005576255562402     
          25          34   1.2551490519086763     
          32          34   1.3283953767642878     
