   -0.38044785
    0.35899458
   -0.37557344
    0.36372903
   -0.03796355
    0.07451396
    0.08187299
   -0.17446192
    0.23300684
    0.26802373
   -0.45433409
   -0.02476611
    0.08126081
    0.07596386
   -0.17009943
    0.20581171
    0.26336299
   -0.45358962
    0.02867689
   -0.35781984
    0.15182602
    0.15398041
    0.05452885
   -0.07108549
    0.06188527
    0.03725191
    0.00613106
   -0.04016418
    0.03537617
   -0.03182251
    0.05751157
   -0.02996726
    0.03571083
   -0.03321572
    0.02790413
   -0.04343746
    0.02142490
