           1           2   1.7656815357706890     
           1           3  0.18090911705869583     
           2           3   1.1994950313772783     
           3           4  0.77286024006113185     
           2           5  0.92849144387916960     
           5           6  0.95167892015038091     
           5           7  0.97317427637941312     
           5           8  0.99059411895645288     
           8           9  0.87283662850692223     
           8          10   1.3342886173258994     
           8          11  0.20484931037977400     
          10          11   1.6060559064298872     
          10          12  0.94297626893827702     
          12          13  0.97173690478438646     
          12          14  0.95442689054316476     
          12          15  0.99296604098559549     
          15          16  0.91213086072293659     
          15          17   1.2950298100196722     
          15          18  0.19145863161662857     
          17          18   1.6262248161561463     
          17          19  0.94760203609290561     
          19          20   1.0218155981795152     
          20          21  0.96131779267802064     
          20          22  0.95180462126275489     
          19          23  0.94473415995407328     
          19          24  0.95579568552841476     
          24          25  0.96744219547214594     
          24          26  0.97292818724116692     
          24          27   1.0139450534007772     
          27          28   1.4092404793565767     
          28          29  0.96805550861436029     
          28          30   1.4487977787265707     
          30          31  0.96475254913473352     
          27          32  0.10879110063064774     
          30          32   1.4342889757720700     
          32          33  0.97113252279923445     
          28          34  0.11153787622615222     
          32          34   1.4432307869506495     
          34          35  0.97128101105122366     
          27          36   1.4100639444846643     
          30          36  0.11040039120558007     
          34          36   1.4388226789972425     
          36          37  0.96892159386283672     
