   -0.37599246
    0.35745032
   -0.37551130
    0.36355701
   -0.04064584
    0.07819424
    0.07896425
   -0.15870277
    0.20471311
    0.26724269
   -0.45950084
    0.03022793
    0.03453381
   -0.35478084
    0.14493095
    0.15168756
   -0.06103438
    0.04934777
    0.04867998
   -0.03652323
   -0.00774063
    0.04955328
   -0.10306524
    0.15999674
    0.04457893
   -0.05287241
    0.02363080
   -0.03664838
    0.02778406
   -0.04184935
    0.02579795
   -0.03830297
    0.02375438
   -0.02145510
