           1           2   1.1969713760400245     
           1           3  0.18233775420778345     
           2           3   1.7760270726682641     
           1           4  0.77259291120972673     
           2           5  0.92475802791613015     
           5           6  0.95272630921943935     
           5           7  0.97346880728388796     
           5           8  0.99163962122793581     
           8           9  0.92016341043367622     
           8          10   1.3095340119828534     
           8          11  0.19323319170532660     
          10          11   1.6070013258928140     
          10          12  0.95073681607334393     
          12          13  0.95755696430771475     
          12          14   1.0090088517297808     
          14          15  0.96537946103387406     
          14          16  0.95992368828610264     
          12          17  0.97388358453680501     
          17          18  0.96533473915512591     
          17          19  0.95807723600415196     
          17          20   1.0135627989567417     
          20          21   1.5879714684128288     
          21          22  0.96587639669732994     
          21          23   1.1943553279320709     
          23          24  0.94685374785913634     
          23          25   1.1790836698282137     
          25          26   1.3378378470473293     
          26          27  0.96860083874713299     
          26          28   1.4935194654073667     
          28          29  0.97210389784593498     
          28          30   1.3716537438649157     
          30          31  0.97187036929685611     
          26          32  0.11322990186481567     
          30          32   1.5040015478898683     
          32          33  0.96956494222053302     
          20          34   1.2006791557792558     
          25          34   1.2471642403459571     
          32          34   1.3324253588323887     
