           2           7  0.19488302256773393     
           3           8  0.20403823342914612     
           4           9  0.19441468826748479     
           5          10  0.19723422228737242     
           6          11  0.19705925563021376     
           1          12  0.19569321928741917     
           1          13   1.6468052974547720     
          12          13   1.2715995887934992     
           7          14  0.96016783057494370     
          13          14  0.93701203931850685     
          14          15  0.98337351497531345     
          15          16   1.0032953735726100     
           7          17  0.97958959064764650     
          16          17   1.0057604401497735     
           2          18   1.6052215944771813     
           7          18   1.3017786080497034     
           8          19  0.97699596312401593     
          18          19  0.93300061784609811     
          19          20   1.0024144301739772     
           3          21   1.6468686446216854     
           8          21   1.3083169140191924     
           9          22  0.99041798099608724     
          21          22  0.91793737139644538     
          22          23  0.99989395939347248     
           4          24   1.7000647348810847     
           9          24   1.2399310058636936     
          10          25  0.97466540960081660     
          24          25  0.93102322223033851     
          25          26  0.99858279064601074     
           5          27   1.6121866471160060     
          10          27   1.3209015435398759     
          11          28  0.97389624172388800     
          27          28  0.92903738639540645     
          28          29   1.0073491220280584     
           6          30   1.6613082409828870     
          11          30   1.2809852886057349     
          12          31  0.96857337533780163     
          30          31  0.93079971926218263     
          31          32  0.98163374535370840     
          32          33   1.0054472169825397     
          12          34  0.97881090967539119     
          33          34   1.0027636997049587     
          14          35  0.95794636747234962     
          15          36  0.97890270660824896     
          15          37  0.97413103067022155     
          16          38  0.97853666002198114     
          16          39  0.97612511379767419     
          17          40  0.95927291681638427     
          17          41  0.96299826086039186     
           8          42  0.85616226314886279     
          19          43  0.94850485381011085     
          20          44  0.98331072322554225     
          20          45  0.97623401114026875     
          20          46  0.98545623186815412     
           9          47  0.92639909477424853     
          22          48  0.94417312805230691     
          23          49  0.98541523553917709     
          23          50  0.97826455547457036     
          23          51  0.98438737935618237     
          10          52  0.91703775112955932     
          25          53  0.95254549726648119     
          26          54  0.98391459985922081     
          26          55  0.98331980198513969     
          26          56  0.98038237962532337     
          11          57  0.90102373432674332     
          28          58  0.94923506787115131     
          29          59  0.98568490708586642     
          29          60  0.98144572245311046     
          29          61  0.98081061463399988     
          31          62  0.95470454860718412     
          32          63  0.97675018476155251     
          32          64  0.97564777007231407     
          33          65  0.97704273527943319     
          33          66  0.97710925452005926     
          34          67  0.96410251296866467     
          34          68  0.96862274304516394     
