   -0.36780869
    0.35388710
   -0.36643200
    0.33459272
   -0.04139318
    0.07548672
    0.10510740
   -0.18392462
    0.19543504
    0.26473876
   -0.43523670
    0.02411516
    0.05305480
   -0.35778703
    0.14732140
    0.14926660
   -0.06594629
    0.03494308
    0.06249009
   -0.03542413
   -0.01227244
    0.02605084
   -0.10773052
    0.15900286
    0.04288359
   -0.05064406
    0.02818326
   -0.03174564
    0.03494996
   -0.04065477
    0.03328103
   -0.04788818
    0.05093661
   -0.03083875
