           1           2   1.1504845797837624     
           1           3  0.17017889980276885     
           2           3   1.7888088319669813     
           1           4  0.83893169255831990     
           2           5  0.94576979374590586     
           5           6  0.96024572141080822     
           5           7  0.93835846032550640     
           5           8   1.0017852368665352     
           8           9  0.91765661012394295     
           8          10   1.2459023167345435     
           8          11  0.19293982164695228     
          10          11   1.6862704944394575     
          10          12  0.94256800533016261     
          12          13  0.95252514696871793     
          12          14   1.0225540593148352     
          14          15  0.96330823602700233     
          14          16  0.95007843686531812     
          12          17  0.94853904092349361     
          17          18  0.97229993668255799     
          17          19  0.96767471842359654     
          17          20   1.0221007981087642     
          20          21   1.5728931845085301     
          21          22  0.96903600242398136     
          21          23   1.1922595846802222     
          23          24  0.94691254646594025     
          23          25   1.1758054016588773     
          25          26   1.3351355772173115     
          26          27  0.96829211076455901     
          26          28   1.4976194644019674     
          28          29  0.97155529511358085     
          28          30   1.3692536908875823     
          30          31  0.97134553881994734     
          26          32  0.11540674541042947     
          30          32   1.5039790548505307     
          32          33  0.96425524035870125     
          20          34   1.1996494627783751     
          25          34   1.2494411774283953     
          32          34   1.3198335254210640     
