           2           7  0.19488648457943317     
           3           8  0.20417792894438150     
           4           9  0.19351711449095871     
           5          10  0.19818644719607195     
           6          11  0.19191196926876511     
           1          12  0.19465398729770556     
           1          13   1.6500606136434826     
          12          13   1.2662044761238767     
           7          14  0.96495555824817314     
          13          14  0.93652274089309240     
          14          15  0.98243840864621212     
          15          16   1.0034914950234393     
           7          17  0.97609590271442315     
          16          17   1.0046198425087729     
           2          18   1.6082576682102754     
           7          18   1.3002779402184390     
           8          19  0.97534424140140130     
          18          19  0.93197347495084215     
          19          20   1.0021775881766433     
           3          21   1.6378736392297906     
           8          21   1.3155461936945916     
           9          22  0.99209751570450899     
          21          22  0.91883259703555864     
          22          23  0.99797622703553557     
           4          24   1.6981900493536850     
           9          24   1.2387795297533626     
          10          25  0.97500461396082216     
          24          25  0.93308075586630779     
          25          26  0.99793649544655505     
           5          27   1.6107968040609011     
          10          27   1.3260944014093463     
          11          28  0.97175502485724952     
          27          28  0.92650176558710662     
          28          29   1.0089184834795746     
           6          30   1.6473655830719054     
          11          30   1.2867375066410269     
          12          31  0.96439204275181833     
          30          31  0.93785216339504540     
          31          32  0.98073070941602547     
          32          33   1.0039662689424704     
          12          34  0.98066487299310989     
          33          34   1.0033423557124048     
          14          35  0.95553530278534982     
          15          36  0.97839080353176222     
          15          37  0.97489480897085812     
          16          38  0.97967603987470997     
          16          39  0.97680031680535628     
          17          40  0.96614167284152153     
          17          41  0.95771894547864056     
           8          42  0.85626180801425900     
          19          43  0.95299638638259465     
          20          44  0.98537456231207343     
          20          45  0.98397667510206011     
          20          46  0.97602946395149515     
           9          47  0.92731914382041136     
          22          48  0.94324044986945599     
          23          49  0.98561117350014338     
          23          50  0.97861619027246594     
          23          51  0.98465418830243379     
          10          52  0.90023329659006424     
          25          53  0.95144077774910030     
          26          54  0.98437354209914407     
          26          55  0.98338012639680406     
          26          56  0.98107361119365566     
          11          57  0.89834360500989829     
          28          58  0.95302342384159933     
          29          59  0.98571252163093859     
          29          60  0.98175611221098846     
          29          61  0.97975780690006631     
          31          62  0.95522726810540215     
          32          63  0.97708959640298176     
          32          64  0.97603365933560249     
          33          65  0.97910391052760248     
          33          66  0.97679393045888485     
          34          67  0.96641101558307607     
          34          68  0.96993484398594620     
