   -0.37212230
    0.35657010
   -0.37723963
    0.36157471
   -0.03911014
    0.08238813
    0.07817406
   -0.17312948
    0.22820004
    0.26722326
   -0.45361630
   -0.02569222
    0.07879903
    0.08111013
   -0.16950549
    0.20552714
    0.26612602
   -0.45178858
    0.03209135
   -0.35524566
    0.14587741
    0.15286521
    0.03694986
   -0.06874186
    0.05374592
    0.04566132
    0.00910242
   -0.03981078
    0.04970795
   -0.02825270
    0.03437110
   -0.03173606
    0.03149277
   -0.03017237
    0.03105788
   -0.03900037
    0.02654812
