           1           2   1.7811586140356954     
           1           3  0.18050876948603842     
           2           3   1.1866325746217627     
           3           4  0.78432503894480132     
           2           5  0.92756185809542546     
           5           6  0.97281677318427218     
           5           7  0.95362373492396824     
           5           8  0.99018954659830638     
           8           9  0.88483059031101963     
           8          10   1.3245649384759608     
           8          11  0.20407428695554652     
          10          11   1.6130399043433459     
          10          12  0.94152576687796041     
          12          13  0.95811891876443656     
          12          14  0.97089861815194189     
          12          15  0.99261539240564145     
          15          16  0.91844466750957399     
          15          17   1.2843509086728804     
          15          18  0.19127365113192607     
          17          18   1.6368916210989315     
          17          19  0.94955252278500901     
          19          20   1.0112483436983120     
          20          21  0.96390209160615747     
          20          22  0.95876226027645139     
          19          23  0.95770422842811542     
          19          24  0.96072021661492657     
          24          25  0.96813402232674584     
          24          26  0.96411513768583779     
          24          27   1.0105671577544895     
          27          28   1.4096519177185425     
          28          29  0.96564371327441101     
          28          30   1.4487392240277490     
          30          31  0.97097110527832009     
          27          32  0.10974047707014034     
          30          32   1.4359982476837589     
          32          33  0.97140446574863615     
          28          34  0.11262383032320430     
          32          34   1.4419194937079916     
          34          35  0.97115050186953489     
          27          36   1.4178516294831447     
          30          36  0.11039816040984347     
          34          36   1.4405905722789054     
          36          37  0.96880262932772465     
