   -0.37445019
    0.35812300
   -0.37429214
    0.36280093
   -0.03717693
    0.08118625
    0.07138918
   -0.17261531
    0.23045102
    0.26781743
   -0.45261770
   -0.02556517
    0.08153909
    0.07891286
   -0.16915702
    0.20455323
    0.26260594
   -0.45255164
    0.02799133
   -0.35638261
    0.15189271
    0.15261129
    0.05585378
   -0.07135669
    0.06318032
    0.03890235
    0.00958386
   -0.04054077
    0.04212528
   -0.03179431
    0.03268464
   -0.03191543
    0.03329178
   -0.03200062
    0.03109074
   -0.04185184
    0.02568135
