           1           2   1.7762125873515648     
           1           3  0.18197824521034003     
           2           3   1.1967561416597947     
           3           4  0.77535957192618143     
           2           5  0.92561268537973562     
           5           6  0.97286888951632688     
           5           7  0.95155916524077655     
           5           8  0.99022884764433416     
           8           9  0.88072393461331711     
           8          10   1.3312711820149361     
           8          11  0.20500903905436862     
          10          11   1.6087161197774218     
          10          12  0.94311432515875560     
          12          13  0.97148761433725894     
          12          14  0.95387814303702134     
          12          15  0.99268952666845889     
          15          16  0.91343335619572552     
          15          17   1.2943956653806801     
          15          18  0.19335569525489796     
          17          18   1.6312676198625082     
          17          19  0.94563461513070768     
          19          20   1.0227607427840431     
          20          21  0.96135078484346548     
          20          22  0.95236312041405347     
          19          23  0.94556090250399838     
          19          24  0.95455015255295916     
          24          25  0.96804303465256525     
          24          26  0.97187108819714885     
          24          27   1.0159896147137546     
          27          28   1.4077681216183255     
          28          29  0.96690682905123804     
          28          30   1.4493548881709739     
          30          31  0.96996858870936620     
          27          32  0.10889767377191541     
          30          32   1.4347883974035545     
          32          33  0.97131496676973639     
          28          34  0.11202290630469287     
          32          34   1.4422224953202780     
          34          35  0.97119040566477788     
          27          36   1.4101171312192995     
          30          36  0.10951220372492543     
          34          36   1.4395236330056427     
          36          37  0.96828982164895738     
