   -0.37322884
    0.35821784
   -0.37422102
    0.36252845
   -0.03872410
    0.08141557
    0.07212035
   -0.17235722
    0.23031247
    0.26774303
   -0.45263839
   -0.02588928
    0.08148780
    0.07822297
   -0.16771720
    0.20558245
    0.26084043
   -0.45358213
    0.03316644
   -0.35550504
    0.14284438
    0.15707732
    0.03619750
   -0.06671708
    0.04702992
    0.05490415
    0.01134701
   -0.03775864
    0.03540110
   -0.02874945
    0.03475599
   -0.03126196
    0.03362976
   -0.03057470
    0.03292478
   -0.04092092
    0.03209623
