           1           2   1.7780239406680498     
           1           3  0.18183098484169943     
           2           3   1.1951708351879842     
           3           4  0.77705535856023467     
           2           5  0.92526928231115257     
           5           6  0.97360956971598456     
           5           7  0.95243950268394961     
           5           8  0.99052154743835208     
           8           9  0.88060993184786573     
           8          10   1.3314026846141980     
           8          11  0.20536506662690657     
          10          11   1.6087814642631071     
          10          12  0.94277746898390258     
          12          13  0.97149997288173262     
          12          14  0.95346689753331582     
          12          15  0.99353446935955225     
          15          16  0.91495978795303001     
          15          17   1.2919516892071263     
          15          18  0.19446277424698138     
          17          18   1.6313187109199456     
          17          19  0.94665496676721883     
          19          20   1.0163552556285063     
          20          21  0.96570493817617820     
          20          22  0.95208125015370271     
          19          23  0.95291025756624248     
          19          24  0.95613708984518997     
          24          25  0.97384942290674426     
          24          26  0.96782484735309660     
          24          27   1.0096213931057845     
          27          28   1.4077383825793686     
          28          29  0.96892601180585403     
          28          30   1.4501429758359425     
          30          31  0.97091499443903695     
          27          32  0.10914359870638930     
          30          32   1.4343039718311865     
          32          33  0.97130487688916867     
          28          34  0.11204842408986147     
          32          34   1.4428741291848217     
          34          35  0.97103105069309803     
          27          36   1.4134520202462513     
          30          36  0.10988080588907108     
          34          36   1.4392793014622931     
          36          37  0.96823303284205720     
