   -0.37460686
    0.35852142
   -0.38631240
    0.36580427
   -0.03642865
    0.07787813
    0.07508835
   -0.17354134
    0.18186362
    0.26262115
   -0.45454724
    0.03288138
    0.03811527
   -0.33679144
    0.16714171
    0.14440633
   -0.06786734
    0.07148785
    0.03040076
   -0.04184100
   -0.01190846
    0.02335062
   -0.09816400
    0.17373487
    0.04773683
   -0.05003474
    0.02791957
   -0.03549395
    0.02812852
   -0.04153408
    0.02581008
   -0.04021547
    0.03377977
   -0.01738351
