           1           2   1.2002845509381057     
           1           3  0.18072486409349225     
           2           3   1.7641259237001905     
           1           4  0.77351092417953804     
           2           5  0.92796333811434628     
           5           6  0.95659458121704100     
           5           7  0.97453509665524896     
           5           8  0.98583179152737577     
           8           9  0.93838750270876314     
           8          10   1.2738627786474439     
           8          11  0.18224716585692791     
          10          11   1.6248492995560571     
          10          12  0.93969680434002334     
          12          13  0.95415439080339459     
          12          14   1.0366863953768655     
          14          15  0.94820950528877856     
          14          16  0.96235677572491429     
          12          17  0.95021626493271483     
          17          18  0.96496943355163101     
          17          19  0.97490912105464722     
          17          20   1.0165624149343935     
          20          21   1.5694790406383219     
          21          22  0.96868308598084685     
          21          23   1.2072338062261077     
          23          24  0.94126329751326687     
          23          25   1.1816371551156493     
          25          26   1.3350219871500528     
          26          27  0.96835541647840528     
          26          28   1.4976792793303650     
          28          29  0.97202898844985386     
          28          30   1.3685125563183747     
          30          31  0.97184042668028092     
          26          32  0.11407584455691261     
          30          32   1.5069604830782612     
          32          33  0.96489622383566542     
          20          34   1.2065280268169556     
          25          34   1.2475457425325105     
          32          34   1.3276192853382041     
