   -0.37548287
    0.35799341
   -0.37707648
    0.36435973
   -0.03879341
    0.07341508
    0.07748263
   -0.16389088
    0.20624983
    0.26344388
   -0.46188498
    0.02830440
    0.05436060
   -0.35796910
    0.15664558
    0.15144620
   -0.06468207
    0.04093838
    0.05870538
   -0.03454098
   -0.00704956
    0.04295485
   -0.10450925
    0.15911500
    0.04261695
   -0.05266951
    0.02410884
   -0.03643821
    0.02882419
   -0.04249673
    0.02631215
   -0.03981295
    0.02253653
   -0.02251662
