           1           2   1.2007499249402227     
           1           3  0.18293106962623132     
           2           3   1.7738268996320175     
           1           4  0.76828832137298142     
           2           5  0.92427381093877270     
           5           6  0.95264428076623719     
           5           7  0.97385700122300844     
           5           8  0.99150615163932865     
           8           9  0.91216451444832813     
           8          10   1.3124842725018655     
           8          11  0.19161696285058216     
          10          11   1.6000326559578806     
          10          12  0.95076234725698217     
          12          13  0.94579733012570066     
          12          14   1.0218328399132972     
          14          15  0.95245752202689526     
          14          16  0.96161375702102458     
          12          17  0.95496236650441024     
          17          18  0.97141312428803950     
          17          19  0.96855225538164369     
          17          20   1.0186301293626405     
          20          21   1.5788442486090313     
          21          22  0.96870006329790026     
          21          23   1.1986215908145565     
          23          24  0.94678938282404157     
          23          25   1.1779034597321782     
          25          26   1.3389097614763033     
          26          27  0.96850541765474452     
          26          28   1.4938206890377335     
          28          29  0.97202587820244291     
          28          30   1.3703014898581944     
          30          31  0.97181178610180119     
          26          32  0.11301594872388826     
          30          32   1.5052706106417704     
          32          33  0.96824496515804681     
          20          34   1.2039124244471129     
          25          34   1.2434433289756963     
          32          34   1.3275739317131587     
