   -0.37376771
    0.35804593
   -0.37477015
    0.36241734
   -0.03800985
    0.08262719
    0.07243141
   -0.17067386
    0.23049519
    0.26832503
   -0.45480632
   -0.02530595
    0.08116729
    0.07574218
   -0.16671317
    0.20335697
    0.26557749
   -0.44871783
    0.03276460
   -0.35378322
    0.14461476
    0.15145427
    0.03524126
   -0.06725169
    0.04756933
    0.04756188
    0.01121639
   -0.03208711
    0.03134566
   -0.02619082
    0.03642208
   -0.03022922
    0.03655161
   -0.03134532
    0.03302127
   -0.03830184
    0.02400492
