           1           2   1.7776277354711274     
           1           3  0.18159022038523992     
           2           3   1.1942880733634906     
           3           4  0.77729474336592297     
           2           5  0.92611082555079505     
           5           6  0.97204474923974094     
           5           7  0.95152459027610092     
           5           8  0.99022607523463591     
           8           9  0.87931104359604872     
           8          10   1.3355711790862828     
           8          11  0.20580672702607047     
          10          11   1.6049982642708458     
          10          12  0.94324388900706368     
          12          13  0.97194806346305174     
          12          14  0.95319291489658819     
          12          15  0.99333062098267400     
          15          16  0.92118608078607744     
          15          17   1.2871494999018405     
          15          18  0.19527220024207192     
          17          18   1.6411052075805774     
          17          19  0.94651469261643417     
          19          20   1.0122606730294050     
          20          21  0.96480274692229440     
          20          22  0.96037561488382195     
          19          23  0.95594832099105598     
          19          24  0.96037864960886388     
          24          25  0.96525373980647011     
          24          26  0.97389100412788210     
          24          27   1.0089340890761809     
          27          28   1.4110855771451205     
          28          29  0.96923165051662608     
          28          30   1.4485045667414158     
          30          31  0.97085236223705285     
          27          32  0.10997452892207812     
          30          32   1.4360630725134631     
          32          33  0.97112824757799077     
          28          34  0.11181359077547984     
          32          34   1.4412903137521076     
          34          35  0.97005525957677541     
          27          36   1.4170333595700013     
          30          36  0.11072061485740214     
          34          36   1.4410607020278370     
          36          37  0.96911843876613246     
