           1           2   1.7704784778207905     
           1           3  0.18179878225667173     
           2           3   1.1995613346908267     
           3           4  0.76641839908933929     
           2           5  0.92741137988875444     
           5           6  0.95209377490829195     
           5           7  0.97369805334099979     
           5           8  0.98951888004561195     
           8           9  0.87197834151081999     
           8          10   1.3369106099423573     
           8          11  0.20439813097123313     
          10          11   1.6041764174035242     
          10          12  0.94282299526368651     
          12          13  0.97168786104742511     
          12          14  0.95262967064436266     
          12          15  0.99519743480505496     
          15          16  0.91514331432544771     
          15          17   1.2928722968254303     
          15          18  0.19348230493967888     
          17          18   1.6280568654409682     
          17          19  0.95025155834820663     
          19          20   1.0147820430569294     
          20          21  0.96520624852592796     
          20          22  0.95931971806869665     
          19          23  0.95415712980816947     
          19          24  0.95815684639100795     
          24          25  0.97405294403110232     
          24          26  0.96232581208557877     
          24          27   1.0106282533485702     
          27          28   1.4065853579864553     
          28          29  0.96687495929821976     
          28          30   1.4462198324218636     
          30          31  0.97114564591583408     
          27          32  0.10986503792133850     
          30          32   1.4369003543657028     
          32          33  0.97090498928282398     
          28          34  0.11186197374941639     
          32          34   1.4405328283473589     
          34          35  0.96801946037810616     
          27          36   1.4178220301056239     
          30          36  0.11004277881758949     
          34          36   1.4414963177208857     
          36          37  0.96848832491308101     
