   -0.37861551
    0.35580506
   -0.37256718
    0.35064134
   -0.04262479
    0.07834254
    0.10985103
   -0.17649397
    0.19988187
    0.27026984
   -0.41457116
   -0.02653457
    0.06595158
    0.07905757
   -0.15659239
    0.20949346
    0.26432383
   -0.48470328
    0.02800395
   -0.35592935
    0.15373986
    0.15229019
    0.06013703
   -0.07133749
    0.06412978
    0.04081615
    0.00948830
   -0.04162051
    0.02637262
   -0.03217661
    0.03061303
   -0.03225930
    0.03176065
   -0.02993167
    0.03206834
   -0.03942530
    0.04234505
