           1           2   1.7711589041925633     
           1           3  0.17306535663432965     
           2           3   1.1758480852188253     
           3           4  0.79940404026224043     
           2           5  0.93819616782675297     
           5           6  0.94884692169312779     
           5           7  0.94437217224782311     
           5           8   1.0045633988739842     
           8           9  0.91755355627782609     
           8          10   1.2601161930374258     
           8          11  0.20629020001983256     
          10          11   1.7046245852004565     
          10          12  0.92832241587175335     
          12          13  0.96394501620385387     
          12          14  0.97137567183968576     
          12          15  0.98833446731700614     
          15          16  0.91097190686731788     
          15          17   1.3216618128405306     
          15          18  0.18404406066465709     
          17          18   1.5822228557109144     
          17          19  0.95061367414201292     
          19          20   1.0240987933679309     
          20          21  0.96117194237319947     
          20          22  0.95304998915796402     
          19          23  0.94413845734907509     
          19          24  0.95167995700034802     
          24          25  0.96709682542148379     
          24          26  0.97258392435688046     
          24          27   1.0156145731181216     
          27          28   1.4112664681826910     
          28          29  0.96869335187708705     
          28          30   1.4388644907945596     
          30          31  0.97121113922066138     
          27          32  0.10891339515302770     
          30          32   1.4429497789922212     
          32          33  0.97140657625460136     
          28          34  0.10946266529683742     
          32          34   1.4340874074312988     
          34          35  0.97103880498545303     
          27          36   1.4067963643758017     
          30          36  0.11219366964354169     
          34          36   1.4503795277992195     
          36          37  0.96794497279851854     
