   -0.37501644
    0.35835598
   -0.37724838
    0.36485364
   -0.03958015
    0.07823272
    0.07524588
   -0.16441293
    0.20565976
    0.26137262
   -0.45901139
    0.02801133
    0.05519364
   -0.35625453
    0.15674540
    0.15027383
   -0.06573902
    0.06024650
    0.04180071
   -0.03296971
   -0.00878422
    0.03278837
   -0.10373538
    0.15855757
    0.04317015
   -0.05262908
    0.02380082
   -0.03606303
    0.02883682
   -0.04227426
    0.02680239
   -0.03787706
    0.02205872
   -0.02041128
