           1           2   1.2004608611091498     
           1           3  0.18290031762082434     
           2           3   1.7738553936747374     
           1           4  0.76989390524008350     
           2           5  0.92505216957435787     
           5           6  0.97397873516119837     
           5           7  0.95238046051167813     
           5           8  0.99013747308973032     
           8           9  0.91392866169442177     
           8          10   1.3090400969968323     
           8          11  0.19255677295158480     
          10          11   1.6053661582914465     
          10          12  0.95001351653026989     
          12          13  0.94370126021868328     
          12          14   1.0200296034302561     
          14          15  0.95756124961191225     
          14          16  0.95953165899184345     
          12          17  0.95814035809643450     
          17          18  0.96692508737615268     
          17          19  0.97091686461226212     
          17          20   1.0186135229372215     
          20          21   1.5796410306520254     
          21          22  0.96978877034240052     
          21          23   1.1961370886845271     
          23          24  0.94703929914245877     
          23          25   1.1780079373679440     
          25          26   1.3383488047598595     
          26          27  0.96850223339421759     
          26          28   1.4942528777314197     
          28          29  0.97202680545854658     
          28          30   1.3705374557407839     
          30          31  0.97181732195862691     
          26          32  0.11324759151277425     
          30          32   1.5049344056102856     
          32          33  0.96729668356009679     
          20          34   1.2039691543153899     
          25          34   1.2449861264084070     
          32          34   1.3301684288974012     
