   -0.37204306
    0.35765891
   -0.36826978
    0.36264533
   -0.04210572
    0.07999477
    0.07961258
   -0.16755131
    0.18948372
    0.26812367
   -0.44865263
   -0.02981858
    0.11328043
    0.08205402
   -0.18398404
    0.17396575
    0.27164113
   -0.42025148
    0.03277004
   -0.34135772
    0.14909767
    0.15963674
    0.02718365
   -0.07188428
    0.04007265
    0.05606523
    0.00332532
   -0.04255038
    0.02890644
   -0.03304612
    0.03260649
   -0.03625600
    0.03899578
   -0.03531490
    0.04869946
   -0.04576312
    0.04302934
