           1           2   1.7779200163514701     
           1           3  0.18221756040610543     
           2           3   1.1948759935004760     
           3           4  0.78730709883704497     
           2           5  0.92478580409656486     
           5           6  0.95515334162349674     
           5           7  0.96782527030486187     
           5           8  0.98926065660730578     
           8           9  0.91671767306760099     
           8          10   1.2928640781054321     
           8          11  0.19331248431213310     
          10          11   1.6204802512923953     
          10          12  0.96265295820930641     
          12          13  0.93383613233141438     
          12          14  0.95469089344105873     
          12          15   1.0001259951928778     
          15          16  0.93975142061482098     
          15          17   1.2346009946843080     
          15          18  0.19517266150824808     
          17          18   1.7042975746819251     
          17          19  0.94168305849670986     
          19          20   1.0209830485997453     
          20          21  0.96019383444602013     
          20          22  0.95847772062822134     
          19          23  0.96279858795431661     
          19          24  0.94805773353296574     
          24          25  0.96896072022854407     
          24          26  0.97133389429941208     
          24          27   1.0140197859157951     
          27          28   1.4117174976789082     
          28          29  0.96952387670271023     
          28          30   1.4445356804502358     
          30          31  0.97097129939076443     
          27          32  0.10908600611645902     
          30          32   1.4386333025012581     
          32          33  0.96962819891722984     
          28          34  0.11044515421906641     
          32          34   1.4315051893590653     
          34          35  0.96922683391327358     
          27          36   1.4051718123800820     
          30          36  0.10982702434139627     
          34          36   1.4392560914844941     
          36          37  0.96792734890043752     
