   -0.37186235
    0.35786428
   -0.37374177
    0.36236410
   -0.03731717
    0.07305474
    0.08057650
   -0.17069175
    0.22649702
    0.26684439
   -0.45170402
   -0.02342390
    0.08171190
    0.07846795
   -0.18100871
    0.18202505
    0.25782075
   -0.44885905
    0.03393822
   -0.33347081
    0.16144781
    0.14531663
    0.03672538
   -0.07271321
    0.06582831
    0.05277920
    0.00352127
   -0.04599254
    0.02997541
   -0.03135106
    0.03486139
   -0.02864383
    0.04072804
   -0.02513981
    0.03585467
   -0.04096589
    0.02868286
