           1           2   1.7789812071643354     
           1           3  0.18197565437725877     
           2           3   1.1948354916791035     
           3           4  0.77797345078279567     
           2           5  0.92492757957664673     
           5           6  0.95020605520405366     
           5           7  0.97386190224926139     
           5           8  0.98974197975522171     
           8           9  0.88968991175267731     
           8          10   1.3260722046270592     
           8          11  0.20423628169411109     
          10          11   1.6112683268502799     
          10          12  0.94343145856703481     
          12          13  0.95638745942944192     
          12          14  0.97149626533976807     
          12          15  0.98899518075345294     
          15          16  0.92901802869454542     
          15          17   1.2637748341910480     
          15          18  0.18661880250086949     
          17          18   1.6492272772901830     
          17          19  0.93737818612893864     
          19          20   1.0308309741954560     
          20          21  0.95551098226998366     
          20          22  0.96315882763694927     
          19          23  0.95945117403360269     
          19          24  0.95161211721363426     
          24          25  0.96207603358014493     
          24          26  0.97332153524407672     
          24          27   1.0144486430317230     
          27          28   1.4017101550109812     
          28          29  0.96902657470656750     
          28          30   1.4472345439664105     
          30          31  0.97087224744497225     
          27          32  0.11013065021485340     
          30          32   1.4353522147292632     
          32          33  0.97087050895869320     
          28          34  0.11094924531776999     
          32          34   1.4405185392091715     
          34          35  0.96940595811341435     
          27          36   1.4143084274103954     
          30          36  0.10964544028232937     
          34          36   1.4426389362781018     
          36          37  0.96804348036053356     
