   -0.47457734
   -0.43725971
   -0.47369580
   -0.42063015
   -0.47770823
   -0.44221805
   -0.08664436
   -0.17236291
   -0.18723561
   -0.17369991
   -0.18444859
   -0.08390921
    0.25878957
    0.01868874
   -0.05739325
   -0.06193201
    0.00577712
    0.25745077
    0.02859373
   -0.11777886
    0.27413824
    0.02039860
   -0.11875024
    0.27655267
    0.02934529
   -0.11575508
    0.27162303
    0.02480201
   -0.11752719
    0.27463647
    0.01901558
   -0.06009784
   -0.06432292
   -0.00507139
    0.05829731
    0.04575948
    0.04421055
    0.04837892
    0.05720348
    0.04890279
    0.07311355
    0.18899744
    0.06532136
    0.05361747
    0.06418135
    0.06613536
    0.18862389
    0.07654497
    0.05408028
    0.04851235
    0.06343885
    0.22932490
    0.06059271
    0.05007951
    0.04962467
    0.07162023
    0.21207785
    0.06520996
    0.05132720
    0.05051042
    0.07001412
    0.06309908
    0.04160638
    0.07072521
    0.04801034
    0.07776789
    0.07496845
    0.04132853
