           2           7  0.20089402329377959     
           3           8  0.18939794071666474     
           4           9  0.18482473951977751     
           5          10  0.20180385771418785     
           6          11  0.19933932863927650     
           1          12  0.19532343781597547     
           1          13   1.5930686996923040     
          12          13   1.3083765851045701     
           7          14  0.98314212728359862     
          13          14  0.93861939557857665     
          14          15  0.97606727960246209     
          15          16   1.0048094934790941     
           7          17  0.97418056391425267     
          16          17   1.0081946757331752     
           2          18   1.6696083081215378     
           7          18   1.2671474640834985     
           8          19  0.96471945029889261     
          18          19  0.92794806247857864     
          19          20   1.0002120679651703     
           3          21   1.6405503116136759     
           8          21   1.2927933897573871     
           9          22  0.99576704122480997     
          21          22  0.92435657635272228     
          22          23  0.99905104552921198     
           4          24   1.7123815284855526     
           9          24   1.2241027147986541     
          10          25  0.97939813315814594     
          24          25  0.92894825321086172     
          25          26  0.99672380260729776     
           5          27   1.6297725454313108     
          10          27   1.3207973936084469     
          11          28  0.97320743364523277     
          27          28  0.92425825878596701     
          28          29  0.99216897131609194     
           6          30   1.6361039326640341     
          11          30   1.3102361362261976     
          12          31  0.96003641806544604     
          30          31  0.92208391061392403     
          31          32  0.99823669571557616     
          32          33   1.0043605686845289     
          12          34  0.97727327595270552     
          33          34   1.0027373028812427     
          14          35  0.94598185053509432     
          15          36  0.97813352376835483     
          15          37  0.97464933663838427     
          16          38  0.97669782722423615     
          16          39  0.97752533671362807     
          17          40  0.96691198995925065     
          17          41  0.96795999443565350     
           8          42  0.93124711167813423     
          19          43  0.94715725936060058     
          20          44  0.98242297611394847     
          20          45  0.98121375302434033     
          20          46  0.97747500712255553     
           9          47  0.92893201593945607     
          22          48  0.93900009369080362     
          23          49  0.98123822711036413     
          23          50  0.98535170046376241     
          23          51  0.98222552075814495     
          10          52  0.87741849435446906     
          25          53  0.95436661989313631     
          26          54  0.98459758852204637     
          26          55  0.98419819706652423     
          26          56  0.98120434959568148     
          11          57  0.89698566763974830     
          28          58  0.96514624276098870     
          29          59  0.98373739185658837     
          29          60  0.98374713114773038     
          29          61  0.97969568611027624     
          31          62  0.95242668865879820     
          32          63  0.97822126761305295     
          32          64  0.97145034252302676     
          33          65  0.97877908183817308     
          33          66  0.97520798859729463     
          34          67  0.95734234829267550     
          34          68  0.96690600013778394     
