   -0.36715119
    0.35809725
   -0.36782106
    0.36311460
   -0.04118443
    0.08244251
    0.07998786
   -0.16448734
    0.18673812
    0.26938085
   -0.44532504
   -0.01871926
    0.08724547
    0.07599793
   -0.17625856
    0.19432470
    0.27352630
   -0.43208304
    0.03170561
   -0.34039394
    0.14454839
    0.16363342
    0.03358983
   -0.06993845
    0.04009669
    0.04565471
    0.00339234
   -0.04084091
    0.02771106
   -0.02835590
    0.03371566
   -0.03425837
    0.04715859
   -0.03167331
    0.02828875
   -0.04082181
    0.02896194
