           1           2   1.7824353656429317     
           1           3  0.18285784798689084     
           2           3   1.1952614388735858     
           3           4  0.78326315193866769     
           2           5  0.92286461720918933     
           5           6  0.97347604807112698     
           5           7  0.95427434084889184     
           5           8  0.98575364792848985     
           8           9  0.93888606646701711     
           8          10   1.2874956751917050     
           8          11  0.19013588334332820     
          10          11   1.6230381303507855     
          10          12  0.97060954774525332     
          12          13  0.94775973277627901     
          12          14  0.94016048769674099     
          12          15   1.0092368393442144     
          15          16  0.92166248860431987     
          15          17   1.2451605954278779     
          15          18  0.19246259774753297     
          17          18   1.6908655665801970     
          17          19  0.94647734240652737     
          19          20   1.0297503893415221     
          20          21  0.96243441964342558     
          20          22  0.95356677020215752     
          19          23  0.96030288094941951     
          19          24  0.93815197018204344     
          24          25  0.96839030664904491     
          24          26  0.97410831548319010     
          24          27   1.0149545954619501     
          27          28   1.4096159349344883     
          28          29  0.96959921766677759     
          28          30   1.4460751231810747     
          30          31  0.97096204104903938     
          27          32  0.10939491619880638     
          30          32   1.4375295255223752     
          32          33  0.96859081164699112     
          28          34  0.11019680858410376     
          32          34   1.4365461647149040     
          34          35  0.97121141388416232     
          27          36   1.4085058803818735     
          30          36  0.11061309247275186     
          34          36   1.4473020348146632     
          36          37  0.96908388518445121     
