   -0.37343864
    0.35757040
   -0.37394794
    0.36398573
   -0.03911713
    0.07987462
    0.07773997
   -0.16736141
    0.18205544
    0.26939834
   -0.44918632
    0.03343899
    0.03708545
   -0.34251537
    0.14986331
    0.16171346
   -0.06370932
    0.03704134
    0.04572286
   -0.03002432
   -0.00799939
    0.03167739
   -0.10522489
    0.15940503
    0.04546107
   -0.05195972
    0.02516374
   -0.03501336
    0.03025164
   -0.04064630
    0.02790466
   -0.03610560
    0.02071672
   -0.01982044
