           1           2   1.1976118352248166     
           1           3  0.18287060851728204     
           2           3   1.7768910521665238     
           1           4  0.77482581976786258     
           2           5  0.92542327702175542     
           5           6  0.95337125614228535     
           5           7  0.97428559712206886     
           5           8  0.98641783390169646     
           8           9  0.93897375192074262     
           8          10   1.2839707476530040     
           8          11  0.18793342599127938     
          10          11   1.6173843984529486     
          10          12  0.95777240815924525     
          12          13  0.95970880104781497     
          12          14   1.0306344822079485     
          14          15  0.95491171933773100     
          14          16  0.95506971323805012     
          12          17  0.93087184247596144     
          17          18  0.96992869483189459     
          17          19  0.97374607586854567     
          17          20   1.0205345380506603     
          20          21   1.5746294253510271     
          21          22  0.96944580511558887     
          21          23   1.1947348499768142     
          23          24  0.94689310127825854     
          23          25   1.1761555607539245     
          25          26   1.3378182370836234     
          26          27  0.96850853805962045     
          26          28   1.4945856608466337     
          28          29  0.97195221762387229     
          28          30   1.3711972708475344     
          30          31  0.97174978021539049     
          26          32  0.11378040028496664     
          30          32   1.5051081427029394     
          32          33  0.96915767440249034     
          20          34   1.2003909508290660     
          25          34   1.2496795365289406     
          32          34   1.3316139701798242     
