   -0.36648503
    0.35830121
   -0.36706869
    0.36250078
   -0.04059896
    0.07940961
    0.08226866
   -0.16418906
    0.18711000
    0.26918655
   -0.44991667
   -0.01673204
    0.07132727
    0.08644104
   -0.18350528
    0.19315373
    0.26171811
   -0.43859236
    0.02724193
   -0.34257318
    0.14670952
    0.14002274
    0.06083751
   -0.06972276
    0.05497221
    0.05951870
    0.00784865
   -0.04160788
    0.03415911
   -0.03024121
    0.03215856
   -0.03367993
    0.04628527
   -0.03116340
    0.02593100
   -0.04140519
    0.03037947
