           1           2   1.7832007335123023     
           1           3  0.18287155049244724     
           2           3   1.1949438486602963     
           3           4  0.78444873315931862     
           2           5  0.92246923991685481     
           5           6  0.95440379839390643     
           5           7  0.97351169963902229     
           5           8  0.98570084458432061     
           8           9  0.93872429934860069     
           8          10   1.2903762685692586     
           8          11  0.18941700712926751     
          10          11   1.6187973612692614     
          10          12  0.96991814804038134     
          12          13  0.94109470062086797     
          12          14  0.94748284304836239     
          12          15   1.0106184914959861     
          15          16  0.91472273373859403     
          15          17   1.2318824917011411     
          15          18  0.18814539234722322     
          17          18   1.6939101887397841     
          17          19  0.93665551439030115     
          19          20   1.0261913698107095     
          20          21  0.95264625945845105     
          20          22  0.96495715974019169     
          19          23  0.95347977644580129     
          19          24  0.95353320805333197     
          24          25  0.97063758096777941     
          24          26  0.96863062401889100     
          24          27   1.0143892667588492     
          27          28   1.4135942327133384     
          28          29  0.96748741676206262     
          28          30   1.4401724795019417     
          30          31  0.97104623766031495     
          27          32  0.10990044642572711     
          30          32   1.4419198115783722     
          32          33  0.96888657607368078     
          28          34  0.10955312873106279     
          32          34   1.4333804707790427     
          34          35  0.97124937588749027     
          27          36   1.4063461998445232     
          30          36  0.11140105749796213     
          34          36   1.4502830756265541     
          36          37  0.96862343978513610     
