   -0.38265727
    0.35538015
   -0.36926949
    0.36296285
   -0.04321587
    0.10887023
    0.07765105
   -0.16786236
    0.18246007
    0.27603936
   -0.42177770
   -0.02105857
    0.07597496
    0.05874428
   -0.16257451
    0.20755646
    0.27021096
   -0.47256659
    0.02865086
   -0.35851527
    0.15006450
    0.15872468
    0.05339357
   -0.06914873
    0.05751420
    0.03737411
    0.00834653
   -0.03950809
    0.04736675
   -0.02564320
    0.03252933
   -0.02676516
    0.03311052
   -0.03004775
    0.02845588
   -0.04195778
    0.02118705
