           1           2   1.7650508306377177     
           1           3  0.17514119938896042     
           2           3   1.1841885445643148     
           3           4  0.79544311441938853     
           2           5  0.94105481812913849     
           5           6  0.93816441094415881     
           5           7  0.95476309953707461     
           5           8  0.99964837307805965     
           8           9  0.93512026984289420     
           8          10   1.2556851932238489     
           8          11  0.20191828494118905     
          10          11   1.7004662730569882     
          10          12  0.93536607426516860     
          12          13  0.96624416508857736     
          12          14  0.96491653391243282     
          12          15  0.99203324190565689     
          15          16  0.91182937701666944     
          15          17   1.2956785287317421     
          15          18  0.19042355332916400     
          17          18   1.6200045649698638     
          17          19  0.94901932351366591     
          19          20   1.0223611557871179     
          20          21  0.96126492586143852     
          20          22  0.94906957166364836     
          19          23  0.94541970934936792     
          19          24  0.95479131670100370     
          24          25  0.97106174662896660     
          24          26  0.96993988026907973     
          24          27   1.0146864875873938     
          27          28   1.4091755350321844     
          28          29  0.96332428795787339     
          28          30   1.4484362058908808     
          30          31  0.97019816670327008     
          27          32  0.10914268529254413     
          30          32   1.4354498223232222     
          32          33  0.97130542753241667     
          28          34  0.11182352244252190     
          32          34   1.4419792184123128     
          34          35  0.97137624544237466     
          27          36   1.4110579806924646     
          30          36  0.10984068635309660     
          34          36   1.4395994364700286     
          36          37  0.96643436403360439     
