   -0.37493821
    0.35791450
   -0.37806792
    0.36488530
   -0.03955781
    0.07562559
    0.07753142
   -0.16397790
    0.20541936
    0.26187928
   -0.46031975
    0.03208195
    0.04044099
   -0.35694222
    0.14374813
    0.15575683
   -0.06044158
    0.05748495
    0.04341564
   -0.03089984
   -0.01069507
    0.03011485
   -0.10668836
    0.15830577
    0.04428385
   -0.05290943
    0.02379891
   -0.03491215
    0.02975951
   -0.04005331
    0.02978303
   -0.03618797
    0.03391546
   -0.01955380
