           1           2   1.2008331041787514     
           1           3  0.18284071346510200     
           2           3   1.7730331562992776     
           1           4  0.76998525937549600     
           2           5  0.92470558979054429     
           5           6  0.95266514264654345     
           5           7  0.97392166094131138     
           5           8  0.99138074883774829     
           8           9  0.91405561943121039     
           8          10   1.3071451132199245     
           8          11  0.19270416977967025     
          10          11   1.6034878515108608     
          10          12  0.95286364915842248     
          12          13  0.95332748729814909     
          12          14   1.0147202865620495     
          14          15  0.96583788467368936     
          14          16  0.95241985323775347     
          12          17  0.95373373956265706     
          17          18  0.96664764984071661     
          17          19  0.97422747077686966     
          17          20   1.0170412396716830     
          20          21   1.5777304252066053     
          21          22  0.96934410650786895     
          21          23   1.1937790076621881     
          23          24  0.94725106376758550     
          23          25   1.1735679000463237     
          25          26   1.3376219710571147     
          26          27  0.96857063872958238     
          26          28   1.4943255448157209     
          28          29  0.97194009638349488     
          28          30   1.3715404620854239     
          30          31  0.97158785222824640     
          26          32  0.11456998893291483     
          30          32   1.5058354567774228     
          32          33  0.96840866356009969     
          20          34   1.2004636353559650     
          25          34   1.2518988261851756     
          32          34   1.3308516615698200     
