   -0.37039794
    0.35338041
   -0.37024280
    0.33708621
   -0.04050580
    0.07393022
    0.10700326
   -0.18638529
    0.19488105
    0.26754845
   -0.43074584
    0.02930396
    0.03066476
   -0.35351823
    0.14215463
    0.15052401
   -0.05988634
    0.03854672
    0.05911894
   -0.03423010
   -0.00731240
    0.03060539
   -0.10248007
    0.16084259
    0.04062082
   -0.04979146
    0.02997199
   -0.03236025
    0.03524330
   -0.04065499
    0.03299245
   -0.04504704
    0.04283215
   -0.03369278
