           1           2   1.1543748197280741     
           1           3  0.17051328243906091     
           2           3   1.7834096871676797     
           1           4  0.82970638977380451     
           2           5  0.95063540369332267     
           5           6  0.95512084425835009     
           5           7  0.93746179930986218     
           5           8   1.0022046522746069     
           8           9  0.91564630915990763     
           8          10   1.2418226303547066     
           8          11  0.19312012236685033     
          10          11   1.6959707648560192     
          10          12  0.94205272934545381     
          12          13  0.95335230039288965     
          12          14   1.0135148123726698     
          14          15  0.96647700116079838     
          14          16  0.95888886544155416     
          12          17  0.95998993167194635     
          17          18  0.96930371811243332     
          17          19  0.96819397476425073     
          17          20   1.0188434492415306     
          20          21   1.5819709288345012     
          21          22  0.96945173092668302     
          21          23   1.1975367113993829     
          23          24  0.94645313761501570     
          23          25   1.1772277918961591     
          25          26   1.3337645602382837     
          26          27  0.96819840162138193     
          26          28   1.4981930344549017     
          28          29  0.97158780203669404     
          28          30   1.3682769302009150     
          30          31  0.97139381590764928     
          26          32  0.11575264196230506     
          30          32   1.5077783452991254     
          32          33  0.96677008318387425     
          20          34   1.2010627413211492     
          25          34   1.2437725225141552     
          32          34   1.3186590046023934     
