   -0.37473670
    0.35896809
   -0.37492435
    0.36383533
   -0.03990607
    0.07869841
    0.07494590
   -0.15808588
    0.20404805
    0.26721597
   -0.46120194
    0.02984621
    0.03637237
   -0.35470917
    0.14256475
    0.15141737
   -0.06134265
    0.04708361
    0.05169240
   -0.03642181
   -0.01141248
    0.05219367
   -0.10217482
    0.16029577
    0.04516874
   -0.05253593
    0.02373776
   -0.03646829
    0.02754906
   -0.04165384
    0.02546901
   -0.03793328
    0.02318641
   -0.02078166
