           1           2   1.1987847436328640     
           1           3  0.18263937733557206     
           2           3   1.7762678570297945     
           1           4  0.77187111695943877     
           2           5  0.92466759160781065     
           5           6  0.97415001327586348     
           5           7  0.95184186354542111     
           5           8  0.99104049365858982     
           8           9  0.92196488645589936     
           8          10   1.3104056081602184     
           8          11  0.19260180570033311     
          10          11   1.6023598163780310     
          10          12  0.95293022767425906     
          12          13  0.95682421811517493     
          12          14   1.0088635793133229     
          14          15  0.96600304530725301     
          14          16  0.95970405739660813     
          12          17  0.97212835319895829     
          17          18  0.96239128405322916     
          17          19  0.96042308672964039     
          17          20   1.0134557679457317     
          20          21   1.5874426922203289     
          21          22  0.96391087457851143     
          21          23   1.1949643832663877     
          23          24  0.94674663516044144     
          23          25   1.1795367870181470     
          25          26   1.3377475923425073     
          26          27  0.96858847789238833     
          26          28   1.4936664150299701     
          28          29  0.97211679849313914     
          28          30   1.3716363734327677     
          30          31  0.97188446615168855     
          26          32  0.11328585712354232     
          30          32   1.5040587376299630     
          32          33  0.96949074980630490     
          20          34   1.2007251886682584     
          25          34   1.2473616206746208     
          32          34   1.3323992661786304     
