           1           2   1.7656815357706885     
           1           3  0.18090911705869678     
           2           3   1.1994950313772774     
           3           4  0.77286024006113063     
           2           5  0.92849144387916860     
           5           6  0.95167892015037880     
           5           7  0.97317427637941301     
           5           8  0.99059411895645166     
           8           9  0.87283662850692134     
           8          10   1.3342886173258990     
           8          11  0.20484931037977419     
          10          11   1.6060559064298869     
          10          12  0.94297626893827702     
          12          13  0.97173690478438690     
          12          14  0.95442689054316343     
          12          15  0.99296604098559660     
          15          16  0.91213086072293592     
          15          17   1.2950298100196760     
          15          18  0.19145863161662799     
          17          18   1.6262248161561443     
          17          19  0.94760203609290472     
          19          20   1.0218155981795145     
          20          21  0.96131779267802031     
          20          22  0.95180462126275445     
          19          23  0.94473415995407262     
          19          24  0.95579568552841321     
          24          25  0.96744219547214505     
          24          26  0.97292818724116759     
          24          27   1.0139450534007748     
          27          28   1.4092404793565754     
          28          29  0.96805550861436118     
          28          30   1.4487977787265709     
          30          31  0.96475254913472874     
          27          32  0.10879110063064808     
          30          32   1.4342889757720694     
          32          33  0.97113252279923412     
          28          34  0.11153787622615205     
          32          34   1.4432307869506504     
          34          35  0.97128101105122400     
          27          36   1.4100639444846637     
          30          36  0.11040039120558082     
          34          36   1.4388226789972418     
          36          37  0.96892159386283039     
