   -0.37622027
    0.35623310
   -0.37726423
    0.34956772
   -0.04021849
    0.07859470
    0.10888588
   -0.18055761
    0.20205010
    0.26934651
   -0.41614070
   -0.02478684
    0.06983179
    0.07620530
   -0.17099072
    0.18947531
    0.25780528
   -0.48078989
    0.03376657
   -0.33286411
    0.16190769
    0.14405345
    0.03896006
   -0.07509434
    0.06676519
    0.05987575
    0.00069545
   -0.03902684
    0.03609767
   -0.01794578
    0.04558006
   -0.02577489
    0.03929834
   -0.03229798
    0.03042598
   -0.04906604
    0.02361682
