           1           2   1.7760848748246936     
           1           3  0.17185423494997040     
           2           3   1.1675222738031878     
           3           4  0.80067102590219608     
           2           5  0.93949831841513509     
           5           6  0.94680803711830630     
           5           7  0.94661477194120414     
           5           8   1.0050446649667828     
           8           9  0.91363872231991594     
           8          10   1.2573739495355785     
           8          11  0.20524898290781790     
          10          11   1.7035009101693734     
          10          12  0.93045378455687899     
          12          13  0.96459773657306025     
          12          14  0.97208351653726677     
          12          15  0.98334775354320691     
          15          16  0.92347696144849556     
          15          17   1.2944956324671231     
          15          18  0.17771238651505086     
          17          18   1.5934664544210217     
          17          19  0.94279484490178633     
          19          20   1.0303183781404013     
          20          21  0.95602156476391664     
          20          22  0.96349039673865589     
          19          23  0.95747508027481165     
          19          24  0.95182922667105496     
          24          25  0.96005333603157283     
          24          26  0.97166445177709382     
          24          27   1.0126715067380525     
          27          28   1.4182075826771066     
          28          29  0.96691432737562755     
          28          30   1.4403135888289729     
          30          31  0.96986323934097129     
          27          32  0.10932050006148135     
          30          32   1.4408791786051227     
          32          33  0.97089769790894109     
          28          34  0.10932424278984595     
          32          34   1.4356565791315177     
          34          35  0.97112497057828551     
          27          36   1.3999943056331483     
          30          36  0.11125232679483428     
          34          36   1.4458494215735869     
          36          37  0.96845698340123687     
