   -0.37432657
    0.35838272
   -0.37950775
    0.36583133
   -0.03660762
    0.07627722
    0.07110768
   -0.16840465
    0.17927867
    0.26152508
   -0.45426013
    0.02744872
    0.06591935
   -0.34120600
    0.14255274
    0.14374520
   -0.06544197
    0.06021510
    0.05764966
   -0.03547738
   -0.01199872
    0.03334226
   -0.10938737
    0.15908527
    0.04269528
   -0.05357061
    0.02561364
   -0.03559851
    0.03226671
   -0.04190855
    0.03078041
   -0.03845279
    0.03606497
   -0.02363341
