           1           2   1.2036626769794720     
           1           3  0.18345350026536014     
           2           3   1.7706712120277701     
           1           4  0.76627580842637266     
           2           5  0.92693059544403955     
           5           6  0.94804519625245520     
           5           7  0.97535037176996997     
           5           8  0.98675818023652972     
           8           9  0.93178674222895919     
           8          10   1.2832695272887009     
           8          11  0.18639117907321923     
          10          11   1.6160692061115329     
          10          12  0.94482820175678206     
          12          13  0.95427618567725081     
          12          14   1.0249944866369800     
          14          15  0.95392346176690113     
          14          16  0.96431857739281424     
          12          17  0.95005740943775108     
          17          18  0.96761530066959445     
          17          19  0.96953800116939404     
          17          20   1.0214821650597488     
          20          21   1.5783098884824414     
          21          22  0.96862597388101757     
          21          23   1.1927622258614683     
          23          24  0.94688024424885064     
          23          25   1.1733840206951367     
          25          26   1.3370699111169535     
          26          27  0.96847335441462101     
          26          28   1.4950032404206033     
          28          29  0.97178849013272828     
          28          30   1.3705500475331200     
          30          31  0.97148282921337448     
          26          32  0.11416281571671867     
          30          32   1.5041016265198051     
          32          33  0.96741996903164984     
          20          34   1.2003919492063897     
          25          34   1.2520375417759781     
          32          34   1.3286070049876546     
