           1           2   1.7753524296661796     
           1           3  0.18085140774604924     
           2           3   1.1941182879249244     
           3           4  0.76838718278145457     
           2           5  0.92697767454172886     
           5           6  0.95290777174106611     
           5           7  0.97358836170632534     
           5           8  0.98989119839186457     
           8           9  0.86904213661903718     
           8          10   1.3367152826372246     
           8          11  0.20479959130584935     
          10          11   1.6051614417441868     
          10          12  0.94210922538867425     
          12          13  0.97209474383877681     
          12          14  0.95363904714930725     
          12          15  0.99417543527599572     
          15          16  0.91835543371407224     
          15          17   1.2939792157875893     
          15          18  0.19376560158209555     
          17          18   1.6266691882492146     
          17          19  0.95090603666946072     
          19          20   1.0147107785583924     
          20          21  0.95935244117327589     
          20          22  0.96531069750184650     
          19          23  0.95490241847389368     
          19          24  0.95599638077812399     
          24          25  0.97324014141261150     
          24          26  0.96494181768611986     
          24          27   1.0119336714575993     
          27          28   1.4138229572549148     
          28          29  0.96846841393201610     
          28          30   1.4445213415997589     
          30          31  0.96585650676610302     
          27          32  0.10974104287339402     
          30          32   1.4383549059166070     
          32          33  0.97109583173616731     
          28          34  0.11061100750835713     
          32          34   1.4387410451122118     
          34          35  0.97112277285777893     
          27          36   1.4083750604102623     
          30          36  0.11146420168267272     
          34          36   1.4447071849142563     
          36          37  0.96819899689630584     
