   -0.36995857
    0.35725604
   -0.37122660
    0.36342071
   -0.04232602
    0.08095375
    0.08436031
   -0.16347985
    0.18630121
    0.26917445
   -0.44324578
   -0.02188812
    0.07301249
    0.08683064
   -0.17248868
    0.21263951
    0.26858911
   -0.44115188
    0.03340945
   -0.34766443
    0.14177011
    0.14892102
    0.02802024
   -0.06487534
    0.05330663
    0.04542833
    0.01215272
   -0.04013541
    0.03395799
   -0.03472254
    0.02317460
   -0.03138199
    0.02439127
   -0.02438929
    0.03600513
   -0.03318838
    0.03904716
