           1           2   1.7798928912970682     
           1           3  0.18284539041223175     
           2           3   1.1956974278624926     
           3           4  0.78021998438211193     
           2           5  0.92500163140414748     
           5           6  0.97384435016653770     
           5           7  0.94875413015317478     
           5           8  0.98442605056512933     
           8           9  0.93868982207320140     
           8          10   1.2907179619260747     
           8          11  0.19201673726548632     
          10          11   1.6252041971403313     
          10          12  0.96102190484495009     
          12          13  0.94083128144920813     
          12          14  0.95550459786251318     
          12          15   1.0094870355930750     
          15          16  0.90937840058691810     
          15          17   1.2576442866075170     
          15          18  0.19509117442647061     
          17          18   1.6825132816204114     
          17          19  0.94340866999185224     
          19          20   1.0179432112426992     
          20          21  0.96494771304157301     
          20          22  0.96010395145683969     
          19          23  0.95318574536630141     
          19          24  0.95704601471464124     
          24          25  0.97259964474073546     
          24          26  0.96687341974300789     
          24          27   1.0118996358339651     
          27          28   1.4116805658213476     
          28          29  0.96890419198895317     
          28          30   1.4450862426738778     
          30          31  0.97125983229483159     
          27          32  0.10956904398947576     
          30          32   1.4375680203969559     
          32          33  0.96942338115903259     
          28          34  0.11128510021120853     
          32          34   1.4376074097892404     
          34          35  0.97090269834599208     
          27          36   1.4134389717504090     
          30          36  0.11026351344344988     
          34          36   1.4448993009601461     
          36          37  0.96853281233264554     
