   -0.37749429
    0.35766523
   -0.37952221
    0.36454775
   -0.04028851
    0.07913447
    0.07774887
   -0.15848722
    0.20358140
    0.26901644
   -0.45758720
    0.03243850
    0.03193940
   -0.35336403
    0.14510965
    0.15142308
   -0.06208035
    0.05292237
    0.04115717
   -0.03324166
   -0.00147460
    0.03292636
   -0.09808095
    0.16140713
    0.04778364
   -0.05104531
    0.02588834
   -0.03660759
    0.02982931
   -0.04360546
    0.02617808
   -0.04050962
    0.02095275
   -0.01826093
