           1           2   1.2010755197193728     
           1           3  0.18261326896390442     
           2           3   1.7711028554968340     
           1           4  0.76625470698778408     
           2           5  0.92617046827329197     
           5           6  0.94944980326660688     
           5           7  0.97385767374967469     
           5           8  0.99034324635508320     
           8           9  0.92095993507606821     
           8          10   1.3086848196682603     
           8          11  0.19332685131634952     
          10          11   1.6087944213721417     
          10          12  0.95041684726279785     
          12          13  0.95794595740865573     
          12          14   1.0125251436377598     
          14          15  0.96452018339465795     
          14          16  0.96076806853625851     
          12          17  0.95559186624505488     
          17          18  0.97141820109515109     
          17          19  0.97027236143978324     
          17          20   1.0148549201722974     
          20          21   1.5818452044789089     
          21          22  0.96978640682272454     
          21          23   1.2006525829016730     
          23          24  0.94631514626881064     
          23          25   1.1792135835153474     
          25          26   1.3383411225098258     
          26          27  0.96845809165620023     
          26          28   1.4942989352360176     
          28          29  0.97201789127815086     
          28          30   1.3705010495686156     
          30          31  0.97182685080565490     
          26          32  0.11271947501789120     
          30          32   1.5035891906330261     
          32          33  0.96796613374424867     
          20          34   1.2042227611041043     
          25          34   1.2459390135462571     
          32          34   1.3305502086429399     
