   -0.45832976
   -0.47641732
   -0.46113494
   -0.42394890
   -0.45380395
   -0.44387522
   -0.08715069
   -0.19745453
   -0.19161178
   -0.15800620
   -0.18564714
   -0.09942751
    0.26753250
    0.02672902
   -0.05982099
   -0.06165510
    0.00072187
    0.25811701
    0.03183964
   -0.11419849
    0.26197936
    0.01920635
   -0.11413803
    0.27767230
    0.03346306
   -0.11356935
    0.27299009
    0.02655609
   -0.11322979
    0.28046933
    0.02014889
   -0.06474270
   -0.06275614
   -0.00022975
    0.04491706
    0.04266820
    0.05972847
    0.04751506
    0.05416550
    0.07798102
    0.05311387
    0.23155936
    0.06337173
    0.05120905
    0.07767896
    0.04753161
    0.19531769
    0.05434896
    0.04877770
    0.07658946
    0.04978964
    0.21657563
    0.04546309
    0.04596365
    0.06771368
    0.06252460
    0.21082599
    0.07327929
    0.06434753
    0.06541135
    0.04663785
    0.06731665
    0.05766150
    0.05425291
    0.05063340
    0.05345253
    0.05891177
    0.04648797
