           2           7  0.19470782740329140     
           3           8  0.20415856024167570     
           4           9  0.19404724296175369     
           5          10  0.19798454242712132     
           6          11  0.19329107481055610     
           1          12  0.19649946083622599     
           1          13   1.6432635668362503     
          12          13   1.2755130487473911     
           7          14  0.96307484121195563     
          13          14  0.93600167504057630     
          14          15  0.98273687687195121     
          15          16   1.0030313883688089     
           7          17  0.98071949126012425     
          16          17   1.0055578764368218     
           2          18   1.6119380846397591     
           7          18   1.2962066802729759     
           8          19  0.97766636567620968     
          18          19  0.93296822415574143     
          19          20   1.0024163721479253     
           3          21   1.6446423531932248     
           8          21   1.3107833276016641     
           9          22  0.99085345249616019     
          21          22  0.91722796106960569     
          22          23   1.0001122890038054     
           4          24   1.6995702603693346     
           9          24   1.2389379530486022     
          10          25  0.97537779611117492     
          24          25  0.93176609379614783     
          25          26  0.99823736076315717     
           5          27   1.6062792577230791     
          10          27   1.3286249478018837     
          11          28  0.97397799659434892     
          27          28  0.92856644270450439     
          28          29   1.0078669036581460     
           6          30   1.6591878730668206     
          11          30   1.2764818004510681     
          12          31  0.96275816513453438     
          30          31  0.93576032874627113     
          31          32  0.98239402789432662     
          32          33   1.0037935377074836     
          12          34  0.98006882761363712     
          33          34   1.0036712166001258     
          14          35  0.95754914501714550     
          15          36  0.97901408489302411     
          15          37  0.97552784201982612     
          16          38  0.97859760840053256     
          16          39  0.97633788660324461     
          17          40  0.95876215210511961     
          17          41  0.96294606471430533     
           8          42  0.85367599553799745     
          19          43  0.94836935698193592     
          20          44  0.98321865660108165     
          20          45  0.97617855904512540     
          20          46  0.98559256449333343     
           9          47  0.92663828907720913     
          22          48  0.94408646799543539     
          23          49  0.98556528388971520     
          23          50  0.97824676893280949     
          23          51  0.98436891433014329     
          10          52  0.90821210217729309     
          25          53  0.95210906357056968     
          26          54  0.98425354890461403     
          26          55  0.98335691025066019     
          26          56  0.98050148307471008     
          11          57  0.90502229645837751     
          28          58  0.95029627758576507     
          29          59  0.98146538291712071     
          29          60  0.98053476463879252     
          29          61  0.98574999950032083     
          31          62  0.95578614488065661     
          32          63  0.97715293828989980     
          32          64  0.97571417918881409     
          33          65  0.97912067982448137     
          33          66  0.97682343057219101     
          34          67  0.96516006634610729     
          34          68  0.97025523033075523     
