   -0.37141050
    0.35738868
   -0.36046182
    0.32615229
   -0.03280547
    0.09802266
    0.06847161
   -0.18748684
    0.22129265
    0.27429837
   -0.42310204
   -0.02916503
    0.07642089
    0.08056571
   -0.16800382
    0.20521003
    0.26757465
   -0.45730325
    0.03138663
   -0.36004572
    0.14882154
    0.16767860
    0.04741918
   -0.07300448
    0.05325999
    0.05799866
    0.01203519
   -0.03988755
    0.03316445
   -0.03200836
    0.02786355
   -0.03405859
    0.02719081
   -0.03087174
    0.02797174
   -0.03961935
    0.02904669
