           1           2   1.7861681855867024     
           1           3  0.16251044485953930     
           2           3   1.1318125268982575     
           3           4  0.87211626684009680     
           2           5  0.94994132176669954     
           5           6  0.94171040121582150     
           5           7  0.95315950570393349     
           5           8   1.0149554882964598     
           8           9  0.89029297553461961     
           8          10   1.2464622482004690     
           8          11  0.19611916808702917     
          10          11   1.7053193974320191     
          10          12  0.93728417767061134     
          12          13  0.97136393251119157     
          12          14  0.95865411837516046     
          12          15  0.99127241047849068     
          15          16  0.91423683626459407     
          15          17   1.2866523359284314     
          15          18  0.18903974094422651     
          17          18   1.6350408438299036     
          17          19  0.94519646618798048     
          19          20   1.0204267824604067     
          20          21  0.95877592715311999     
          20          22  0.95258112074179069     
          19          23  0.94613090901556651     
          19          24  0.95872620117005214     
          24          25  0.96975035736081161     
          24          26  0.96550438592452725     
          24          27   1.0163923339650851     
          27          28   1.4115630882969132     
          28          29  0.96874783327380831     
          28          30   1.4417079543100777     
          30          31  0.97134300914191885     
          27          32  0.10887305499557783     
          30          32   1.4416327453910431     
          32          33  0.97171417697318208     
          28          34  0.10976876976125682     
          32          34   1.4340373799736506     
          34          35  0.97131209770929272     
          27          36   1.4059825038286016     
          30          36  0.11147486546411983     
          34          36   1.4506512336824846     
          36          37  0.96952286261964360     
