   -0.36685857
    0.35800069
   -0.36747276
    0.36292203
   -0.04101781
    0.08234997
    0.08025423
   -0.16468963
    0.18651576
    0.26904097
   -0.44614029
   -0.01637786
    0.08414915
    0.07405513
   -0.18295734
    0.19327257
    0.26058296
   -0.43900904
    0.03281945
   -0.33565471
    0.16041261
    0.14123699
    0.03375344
   -0.07102746
    0.06161824
    0.05105581
    0.00512238
   -0.04111965
    0.03047507
   -0.02832074
    0.03331458
   -0.03295360
    0.04516102
   -0.03085802
    0.03180931
   -0.04027177
    0.02680690
