           1           2   1.7827355813945824     
           1           3  0.18292907039745934     
           2           3   1.1950579598931379     
           3           4  0.78443500069605232     
           2           5  0.92283051426500018     
           5           6  0.97342662783141298     
           5           7  0.95417587005192717     
           5           8  0.98582452341597937     
           8           9  0.93894938166982800     
           8          10   1.2873556422861689     
           8          11  0.19031332293974726     
          10          11   1.6231328127545188     
          10          12  0.97063162101498879     
          12          13  0.94862794059640310     
          12          14  0.94070967952648321     
          12          15   1.0082565318491801     
          15          16  0.92048909910612342     
          15          17   1.2390206862149753     
          15          18  0.19026129794579041     
          17          18   1.6900203896634394     
          17          19  0.93606752418107708     
          19          20   1.0265592144299642     
          20          21  0.95602200729623998     
          20          22  0.96443845654150706     
          19          23  0.96154650465700542     
          19          24  0.95245560281217323     
          24          25  0.96515109270551847     
          24          26  0.97273098634331423     
          24          27   1.0139594006305481     
          27          28   1.4097582350061331     
          28          29  0.96943633391133699     
          28          30   1.4464295126179845     
          30          31  0.97095184701048298     
          27          32  0.10998966007875990     
          30          32   1.4375115988233695     
          32          33  0.96911572899611420     
          28          34  0.11092549783893840     
          32          34   1.4369156946334019     
          34          35  0.97084675773245244     
          27          36   1.4105610698456452     
          30          36  0.11036707024574603     
          34          36   1.4461483826388812     
          36          37  0.96919292057183837     
