   -0.38889149
    0.35496391
   -0.36454803
    0.36065136
   -0.04302991
    0.07222079
    0.11051857
   -0.17381666
    0.17576515
    0.28109841
   -0.41676778
   -0.02333817
    0.06774949
    0.07871297
   -0.17816742
    0.20238187
    0.26965270
   -0.45913056
    0.02623360
   -0.35726550
    0.15026966
    0.15164844
    0.05580947
   -0.06926512
    0.05819049
    0.04459010
    0.00737083
   -0.04997370
    0.02024615
   -0.03914835
    0.02764754
   -0.03352627
    0.03842576
   -0.02382723
    0.05396447
   -0.03242114
    0.04500561
