           1           2   1.7558977621850540     
           1           3  0.17455279582837374     
           2           3   1.1901078711605166     
           3           4  0.79939942568735090     
           2           5  0.94024779274435866     
           5           6  0.95970582109970448     
           5           7  0.93669489670847161     
           5           8   1.0018361617603997     
           8           9  0.92444606725318945     
           8          10   1.2478259845479409     
           8          11  0.19908589809346569     
          10          11   1.7012472226046638     
          10          12  0.94621444863026749     
          12          13  0.95640274180690454     
          12          14  0.95761174796618753     
          12          15  0.99292034961969100     
          15          16  0.90934549988685276     
          15          17   1.2856083897581652     
          15          18  0.19008912699267377     
          17          18   1.6336811798268236     
          17          19  0.94144407520489282     
          19          20   1.0176811003489397     
          20          21  0.96354452733687279     
          20          22  0.95416833796775968     
          19          23  0.95336184874609131     
          19          24  0.96237601568217712     
          24          25  0.97272122442236253     
          24          26  0.95977844940973167     
          24          27   1.0099798762196417     
          27          28   1.4095296109135367     
          28          29  0.96267526630782785     
          28          30   1.4339838103840219     
          30          31  0.97122053007264220     
          27          32  0.10919828263912885     
          30          32   1.4366564497841439     
          32          33  0.97074706479376360     
          28          34  0.11046795554244478     
          32          34   1.4372404446503086     
          34          35  0.96894429258906722     
          27          36   1.4132504588743013     
          30          36  0.11040208755737671     
          34          36   1.4444634453587952     
          36          37  0.96742896299902326     
