   -0.37885327
    0.35581463
   -0.37270976
    0.35107113
   -0.04294136
    0.07869177
    0.11030100
   -0.17537659
    0.19863266
    0.27015755
   -0.41512388
   -0.02685546
    0.06634222
    0.07965000
   -0.15609970
    0.20948148
    0.26190180
   -0.48197021
    0.02807170
   -0.35386872
    0.15572554
    0.14797559
    0.06080614
   -0.07037624
    0.03711039
    0.06589301
    0.00934322
   -0.03990137
    0.02386790
   -0.03134817
    0.03025285
   -0.03190792
    0.03203222
   -0.02855605
    0.03471330
   -0.03898466
    0.03703726
