           1           2   1.7705887566241718     
           1           3  0.17307599292317344     
           2           3   1.1761790067211277     
           3           4  0.79846324429272231     
           2           5  0.93888757476304330     
           5           6  0.94933490983956026     
           5           7  0.94318689765414687     
           5           8   1.0040354241089502     
           8           9  0.91991577897359522     
           8          10   1.2601835696770181     
           8          11  0.20628141233119002     
          10          11   1.7037462884451000     
          10          12  0.92887416175259951     
          12          13  0.96430034448156221     
          12          14  0.97111541543384339     
          12          15  0.98767364991805162     
          15          16  0.91341536139496693     
          15          17   1.3169024522793060     
          15          18  0.18444548269099126     
          17          18   1.5881206569054456     
          17          19  0.94974766487169937     
          19          20   1.0210403893782982     
          20          21  0.95904433151345891     
          20          22  0.96200173942770728     
          19          23  0.94095222325345540     
          19          24  0.95768725488903828     
          24          25  0.97338365010375871     
          24          26  0.96420153516743801     
          24          27   1.0132636135540629     
          27          28   1.4155387166962210     
          28          29  0.96924625756745386     
          28          30   1.4396935659032051     
          30          31  0.97126717182618694     
          27          32  0.10910649450563049     
          30          32   1.4430520802929332     
          32          33  0.97142600701552051     
          28          34  0.10979029518445120     
          32          34   1.4337387595960926     
          34          35  0.97091750981438918     
          27          36   1.4062448918191077     
          30          36  0.11222090918672195     
          34          36   1.4512247852278735     
          36          37  0.96890965400391993     
