           2           7  0.20135862483013842     
           3           8  0.19053549084733329     
           4           9  0.18726179720005245     
           5          10  0.20231460979443908     
           6          11  0.19935965312501491     
           1          12  0.19536703320528420     
           1          13   1.5906772160125389     
          12          13   1.3104546663316801     
           7          14  0.98165197368677470     
          13          14  0.94111094852872423     
          14          15  0.97605999584354775     
          15          16   1.0033472384110977     
           7          17  0.97491780172336173     
          16          17   1.0070859347601535     
           2          18   1.6684162721381939     
           7          18   1.2679182113374610     
           8          19  0.96481279698714117     
          18          19  0.92785883197835428     
          19          20   1.0002905376547941     
           3          21   1.6430260990531214     
           8          21   1.2920092741756009     
           9          22  0.99608201309462674     
          21          22  0.92427545053386306     
          22          23  0.99825845606982400     
           4          24   1.7101654728751619     
           9          24   1.2288152954659035     
          10          25  0.97871518726184703     
          24          25  0.92912119799641957     
          25          26  0.99718137633012993     
           5          27   1.6300216531572524     
          10          27   1.3208073926435031     
          11          28  0.97310319254775068     
          27          28  0.92419885476086017     
          28          29  0.99216670349907854     
           6          30   1.6355896534371142     
          11          30   1.3110459181063476     
          12          31  0.95934903564766094     
          30          31  0.92226037900924274     
          31          32  0.99836616035029979     
          32          33   1.0044672622195803     
          12          34  0.97747370229544162     
          33          34   1.0034659723217245     
          14          35  0.94546801556117765     
          15          36  0.97561628752448692     
          15          37  0.97816746116417730     
          16          38  0.97879118908571061     
          16          39  0.97659898396140399     
          17          40  0.96619650839227467     
          17          41  0.96625187927663725     
           8          42  0.93124551000984146     
          19          43  0.94682378026874070     
          20          44  0.98104959217351040     
          20          45  0.97702398033415061     
          20          46  0.98246961175843994     
           9          47  0.92852162452076581     
          22          48  0.93967021769862669     
          23          49  0.98138502918189618     
          23          50  0.98529761371187496     
          23          51  0.98234369551230261     
          10          52  0.87687353811355495     
          25          53  0.95396267478027419     
          26          54  0.98473030497334002     
          26          55  0.98411985465639362     
          26          56  0.98122593069433239     
          11          57  0.89644602820361940     
          28          58  0.96498269120004299     
          29          59  0.98375948266426871     
          29          60  0.98371530056363987     
          29          61  0.97960693430969770     
          31          62  0.95235211014931265     
          32          63  0.97805008607736066     
          32          64  0.97127156605556408     
          33          65  0.97830323578795519     
          33          66  0.97469356828878140     
          34          67  0.95939065526962508     
          34          68  0.96616366045619695     
