   -0.37560992
    0.35781231
   -0.37640882
    0.36348724
   -0.03693538
    0.07605857
    0.07840284
   -0.16715685
    0.17964156
    0.26251628
   -0.45516144
    0.03321488
    0.03614273
   -0.33613275
    0.16112183
    0.14548463
   -0.06558471
    0.06418167
    0.03905012
   -0.03182074
   -0.00290041
    0.03725002
   -0.10058241
    0.16085361
    0.04702896
   -0.05142357
    0.02615340
   -0.03659991
    0.03032456
   -0.04369070
    0.02639716
   -0.04080576
    0.01661173
   -0.02092072
