           1           2   1.1987513467561401     
           1           3  0.18263333297712567     
           2           3   1.7741930509274044     
           1           4  0.77041829502597292     
           2           5  0.92681137802034874     
           5           6  0.97436942074490274     
           5           7  0.95116335778708117     
           5           8  0.98481598710548657     
           8           9  0.94043027405536239     
           8          10   1.2854350777858612     
           8          11  0.18608917266025282     
          10          11   1.6182723341485259     
          10          12  0.94026218551763530     
          12          13  0.95628506949097403     
          12          14   1.0335419009925977     
          14          15  0.95218129988018996     
          14          16  0.96268013771371086     
          12          17  0.95055942406486804     
          17          18  0.96665382190479365     
          17          19  0.97341745195687557     
          17          20   1.0176682162982225     
          20          21   1.5797326567604675     
          21          22  0.96806942989699740     
          21          23   1.1984675270360383     
          23          24  0.94644398871386004     
          23          25   1.1798682800195375     
          25          26   1.3383281370771478     
          26          27  0.96841563028654687     
          26          28   1.4944788343463971     
          28          29  0.97195071944483291     
          28          30   1.3702425073539795     
          30          31  0.97180595776113921     
          26          32  0.11268220434260803     
          30          32   1.5038268348913648     
          32          33  0.96789075722666795     
          20          34   1.2045451162513157     
          25          34   1.2449527849087196     
          32          34   1.3300300425229628     
