   -0.37502718
    0.35808016
   -0.37758750
    0.36490508
   -0.03958735
    0.07813752
    0.07600889
   -0.16460977
    0.20482933
    0.26162335
   -0.45820430
    0.02697312
    0.06193590
   -0.35601982
    0.15378093
    0.14749929
   -0.06447973
    0.06616746
    0.03457759
   -0.03219192
   -0.00985305
    0.02699930
   -0.10802154
    0.15732898
    0.04423834
   -0.05317061
    0.02320353
   -0.03545031
    0.02883498
   -0.04086556
    0.02793756
   -0.03703890
    0.02986629
   -0.02082007
