           1           2   1.2000650563480166     
           1           3  0.18280508170412998     
           2           3   1.7736292655818808     
           1           4  0.77060184128540810     
           2           5  0.92531649092202350     
           5           6  0.97393581242888017     
           5           7  0.95243661853071959     
           5           8  0.99033179079974820     
           8           9  0.91480757997707729     
           8          10   1.3072461956698569     
           8          11  0.19253436509181035     
          10          11   1.6061186541377137     
          10          12  0.95138334597337837     
          12          13  0.94199707774670816     
          12          14   1.0175401489376228     
          14          15  0.95943072030002818     
          14          16  0.96229388295463680     
          12          17  0.95989848044463355     
          17          18  0.96246099224854476     
          17          19  0.97391884782361959     
          17          20   1.0194396694009293     
          20          21   1.5830676108331359     
          21          22  0.96988816820450185     
          21          23   1.1900000481645638     
          23          24  0.94754965605829211     
          23          25   1.1756903818925166     
          25          26   1.3373526418290742     
          26          27  0.96860966525649317     
          26          28   1.4944305268759053     
          28          29  0.97202177713530391     
          28          30   1.3712724686311542     
          30          31  0.97171803670999735     
          26          32  0.11410063422692020     
          30          32   1.5054544581962299     
          32          33  0.96855614319236638     
          20          34   1.1998774296871972     
          25          34   1.2506174155829095     
          32          34   1.3312305873196244     
