   -0.37495229
    0.35906170
   -0.37513149
    0.36398778
   -0.03994729
    0.07870862
    0.07460051
   -0.15806893
    0.20414632
    0.26726692
   -0.46082958
    0.02980617
    0.03649546
   -0.35476042
    0.14259519
    0.15144090
   -0.06138862
    0.04704100
    0.05168106
   -0.03643348
   -0.01137899
    0.05211645
   -0.10213358
    0.16032794
    0.04514490
   -0.05253991
    0.02376152
   -0.03646402
    0.02756952
   -0.04166660
    0.02549728
   -0.03792772
    0.02316852
   -0.02079482
