           1           2   1.1994395546466525     
           1           3  0.18274960953911218     
           2           3   1.7759924835065466     
           1           4  0.77067412030591664     
           2           5  0.92454348915990281     
           5           6  0.97421584968690000     
           5           7  0.95184690562550545     
           5           8  0.99087069266586469     
           8           9  0.92183880357713144     
           8          10   1.3107909577948813     
           8          11  0.19256989522873769     
          10          11   1.6022959023560792     
          10          12  0.95271182003723653     
          12          13  0.95689876906836269     
          12          14   1.0087804443568122     
          14          15  0.96601575392327244     
          14          16  0.95966054393107758     
          12          17  0.97227921470969780     
          17          18  0.96232042695635778     
          17          19  0.96046618580435261     
          17          20   1.0135092251003668     
          20          21   1.5875124539811447     
          21          22  0.96393734150982413     
          21          23   1.1950314023557058     
          23          24  0.94673492622174671     
          23          25   1.1795190019333222     
          25          26   1.3376398081474690     
          26          27  0.96859523243461165     
          26          28   1.4937481958938867     
          28          29  0.97211546454821396     
          28          30   1.3716113165251020     
          30          31  0.97189194955799596     
          26          32  0.11329321834341677     
          30          32   1.5040282154540237     
          32          33  0.96947396519140638     
          20          34   1.2005537964139041     
          25          34   1.2474610646679174     
          32          34   1.3324688050588454     
