   -0.36953881
    0.35690482
   -0.37563485
    0.36093875
   -0.03923726
    0.08245729
    0.07823835
   -0.17166356
    0.22677941
    0.26691857
   -0.45294701
   -0.02355365
    0.07990019
    0.07908662
   -0.17804649
    0.18090545
    0.25614461
   -0.44864630
    0.03510026
   -0.32888581
    0.16216084
    0.14228807
    0.03614944
   -0.06605321
    0.06013671
    0.03269106
    0.01503796
   -0.03407415
    0.04947104
   -0.02861670
    0.03327631
   -0.03194089
    0.03090518
   -0.03065123
    0.03037700
   -0.03965265
    0.02327463
