           1           2   1.7833780817589031     
           1           3  0.18070281092607599     
           2           3   1.1863409851435041     
           3           4  0.78632893544159288     
           2           5  0.92616698259127384     
           5           6  0.97287804733245231     
           5           7  0.95413656755513676     
           5           8  0.98982062155003325     
           8           9  0.88793552883722615     
           8          10   1.3235508424393438     
           8          11  0.20449877314667111     
          10          11   1.6142124068385613     
          10          12  0.94233052121452621     
          12          13  0.95920637228326333     
          12          14  0.97156961533436936     
          12          15  0.98660486030533168     
          15          16  0.93938863457006216     
          15          17   1.2597992758385277     
          15          18  0.18474777816922194     
          17          18   1.6472968212090384     
          17          19  0.93828190181180426     
          19          20   1.0341944726880357     
          20          21  0.95462164203097455     
          20          22  0.96442064485924439     
          19          23  0.95850782387161559     
          19          24  0.94884802367927656     
          24          25  0.96788756760096861     
          24          26  0.97319230672968304     
          24          27   1.0088065941916247     
          27          28   1.4084476156413837     
          28          29  0.96744994657390848     
          28          30   1.4487875528897891     
          30          31  0.97097293124754791     
          27          32  0.10931290499007146     
          30          32   1.4360632089892558     
          32          33  0.97147231765570174     
          28          34  0.11212663458929077     
          32          34   1.4409855189490719     
          34          35  0.97123811108501112     
          27          36   1.4165489120389130     
          30          36  0.11028595774141547     
          34          36   1.4416680921562794     
          36          37  0.96928680677906254     
