           2           7  0.20135862483744310     
           3           8  0.19053549095772998     
           4           9  0.18726179716776822     
           5          10  0.20231460980661356     
           6          11  0.19935965318194707     
           1          12  0.19536703320380636     
           1          13   1.5906772159983307     
          12          13   1.3104546663328702     
           7          14  0.98165197391202541     
          13          14  0.94111094834896636     
          14          15  0.97605999579826752     
          15          16   1.0033472383674538     
           7          17  0.97491780162602126     
          16          17   1.0070859347959960     
           2          18   1.6684162722910527     
           7          18   1.2679182111760492     
           8          19  0.96481279716006052     
          18          19  0.92785883189568075     
          19          20   1.0002905375690521     
           3          21   1.6430260986237688     
           8          21   1.2920092744240161     
           9          22  0.99608201306877175     
          21          22  0.92427545083288565     
          22          23  0.99825845606753161     
           4          24   1.7101654731257996     
           9          24   1.2288152952652227     
          10          25  0.97871518719558870     
          24          25  0.92912119802083715     
          25          26  0.99718137630625348     
           5          27   1.6300216533014291     
          10          27   1.3208073924803383     
          11          28  0.97310319243893462     
          27          28  0.92419885480798558     
          28          29  0.99216670354278158     
           6          30   1.6355896533828820     
          11          30   1.3110459180309353     
          12          31  0.95934903561416773     
          30          31  0.92226037914077519     
          31          32  0.99836616028876057     
          32          33   1.0044672623035040     
          12          34  0.97747370235083808     
          33          34   1.0034659722055139     
          14          35  0.94546801552831428     
          15          36  0.97561628754491081     
          15          37  0.97816746117314479     
          16          38  0.97879118908630303     
          16          39  0.97659898397509215     
          17          40  0.96619650842843574     
          17          41  0.96625187926726408     
           8          42  0.93124551003119838     
          19          43  0.94682378015441826     
          20          44  0.98104959221427734     
          20          45  0.97702398026795501     
          20          46  0.98246961176255965     
           9          47  0.92852162457248189     
          22          48  0.93967021768597458     
          23          49  0.98138502921471238     
          23          50  0.98529761381816594     
          23          51  0.98234369541120303     
          10          52  0.87687353798506606     
          25          53  0.95396267479247843     
          26          54  0.98473030496720282     
          26          55  0.98411985466920804     
          26          56  0.98122593071959974     
          11          57  0.89644602821344754     
          28          58  0.96498269113668300     
          29          59  0.98375948265225910     
          29          60  0.98371530054299727     
          29          61  0.97960693427103984     
          31          62  0.95235211014113252     
          32          63  0.97805008606643740     
          32          64  0.97127156609613996     
          33          65  0.97830323579459766     
          33          66  0.97469356826799192     
          34          67  0.95939065528048517     
          34          68  0.96616366047999735     
