   -0.36700835
    0.35736995
   -0.36968521
    0.36246290
   -0.04204850
    0.08445354
    0.08213773
   -0.16170639
    0.18751717
    0.26862346
   -0.44834894
   -0.01934073
    0.08563396
    0.07459434
   -0.18307628
    0.19182158
    0.26147075
   -0.43702123
    0.03332983
   -0.33541018
    0.16089902
    0.14178739
    0.03295927
   -0.07097389
    0.06067599
    0.05520954
    0.00749491
   -0.03822445
    0.03261857
   -0.02417391
    0.03694637
   -0.02974070
    0.02705378
   -0.03365118
    0.02355978
   -0.03990561
    0.03169571
