           1           2   1.7827282721658408     
           1           3  0.18285677832377542     
           2           3   1.1939900441400788     
           3           4  0.78398522248681457     
           2           5  0.92404124204116589     
           5           6  0.95034729851695987     
           5           7  0.97359931360889984     
           5           8  0.98427065945057057     
           8           9  0.93827831970781761     
           8          10   1.2951051695693669     
           8          11  0.19157160129975692     
          10          11   1.6193954699019273     
          10          12  0.96345730531434048     
          12          13  0.95598970408467054     
          12          14  0.94063188780515217     
          12          15   1.0052944977457563     
          15          16  0.92324780020069763     
          15          17   1.2374919452104860     
          15          18  0.18989867467454008     
          17          18   1.6916637008231699     
          17          19  0.93511319600231690     
          19          20   1.0258909901593807     
          20          21  0.95587375939099306     
          20          22  0.96439038123181342     
          19          23  0.96271775831855921     
          19          24  0.95245864958396642     
          24          25  0.96529217203902296     
          24          26  0.97191359817550393     
          24          27   1.0136081009284199     
          27          28   1.4096202901447630     
          28          29  0.96941307805157773     
          28          30   1.4477257991680714     
          30          31  0.97082715433923861     
          27          32  0.10959291333791467     
          30          32   1.4353006666502612     
          32          33  0.97031759693117603     
          28          34  0.11033281940974270     
          32          34   1.4395845384716768     
          34          35  0.97098853444000011     
          27          36   1.4121024390066053     
          30          36  0.11077306960810168     
          34          36   1.4436616231431139     
          36          37  0.96903793492029222     
