           2           7  0.19488302275021901     
           3           8  0.20403823332639442     
           4           9  0.19441468815102239     
           5          10  0.19723422269090857     
           6          11  0.19705925604765723     
           1          12  0.19569321965023079     
           1          13   1.6468052987554997     
          12          13   1.2715995882806794     
           7          14  0.96016783112180104     
          13          14  0.93701203889454843     
          14          15  0.98337351512079985     
          15          16   1.0032953736151891     
           7          17  0.97958959070158391     
          16          17   1.0057604400861306     
           2          18   1.6052215966075043     
           7          18   1.3017786066848411     
           8          19  0.97699596331346572     
          18          19  0.93300061752968866     
          19          20   1.0024144302014988     
           3          21   1.6468686442602021     
           8          21   1.3083169136156865     
           9          22  0.99041798015773896     
          21          22  0.91793737250576179     
          22          23  0.99989395969891293     
           4          24   1.7000647345115592     
           9          24   1.2399310067405291     
          10          25  0.97466540892987463     
          24          25  0.93102322257163594     
          25          26  0.99858279083515256     
           5          27   1.6121866482973999     
          10          27   1.3209015437997049     
          11          28  0.97389624187174761     
          27          28  0.92903738542504588     
          28          29   1.0073491220652389     
           6          30   1.6613082407045963     
          11          30   1.2809852891587516     
          12          31  0.96857337549361000     
          30          31  0.93079971928555316     
          31          32  0.98163374528185199     
          32          33   1.0054472170378910     
          12          34  0.97881090991847597     
          33          34   1.0027636994851412     
          14          35  0.95794636702696634     
          15          36  0.97890270659909662     
          15          37  0.97413103067091944     
          16          38  0.97853665996131656     
          16          39  0.97612511379677214     
          17          40  0.95927291677086446     
          17          41  0.96299826096366203     
           8          42  0.85616226359304404     
          19          43  0.94850485369485327     
          20          44  0.98331072317515533     
          20          45  0.97623401115034580     
          20          46  0.98545623190649601     
           9          47  0.92639909463084646     
          22          48  0.94417312760200534     
          23          49  0.98541523561562683     
          23          50  0.97826455541542001     
          23          51  0.98438737927838993     
          10          52  0.91703775081400152     
          25          53  0.95254549738567262     
          26          54  0.98391459997437114     
          26          55  0.98331980192653401     
          26          56  0.98038237931677930     
          11          57  0.90102373531936908     
          28          58  0.94923506797046620     
          29          59  0.98568490715799928     
          29          60  0.98144572232664662     
          29          61  0.98081061469057607     
          31          62  0.95470454863490262     
          32          63  0.97675018483557174     
          32          64  0.97564777011791148     
          33          65  0.97704273536578823     
          33          66  0.97710925468602672     
          34          67  0.96410251266497893     
          34          68  0.96862274304434903     
