   -0.37935388
    0.35486695
   -0.36504828
    0.36182588
   -0.04302359
    0.07707614
    0.10738826
   -0.16698404
    0.17803914
    0.28058231
   -0.42671655
   -0.01615436
    0.05546971
    0.07151211
   -0.17415153
    0.18561565
    0.26719724
   -0.46939131
    0.03357441
   -0.33479265
    0.15936588
    0.14676850
    0.04107132
   -0.07398689
    0.07046070
    0.05167313
    0.00366071
   -0.04253066
    0.03347612
   -0.03195885
    0.03166664
   -0.03419371
    0.03106294
   -0.03188844
    0.03428395
   -0.04522300
    0.05876002
