           1           2   1.7684942121445284     
           1           3  0.17672414487786400     
           2           3   1.1857214182565687     
           3           4  0.80421422310928814     
           2           5  0.93701889724940923     
           5           6  0.95953022668133059     
           5           7  0.93995103892041565     
           5           8  0.99828209395092504     
           8           9  0.93826215884086284     
           8          10   1.2549191976923484     
           8          11  0.19719363878209872     
          10          11   1.6899153131725468     
          10          12  0.93885783172823656     
          12          13  0.96552758886204315     
          12          14  0.96439653099763922     
          12          15  0.99021059557528845     
          15          16  0.92600636507355027     
          15          17   1.2688589336034790     
          15          18  0.18311559363807678     
          17          18   1.6277503169511212     
          17          19  0.94369233157574306     
          19          20   1.0320417886833346     
          20          21  0.95762606277712448     
          20          22  0.96206499618466867     
          19          23  0.95483622847862404     
          19          24  0.94989449629135281     
          24          25  0.96143191634119762     
          24          26  0.97376030003687997     
          24          27   1.0147999212229897     
          27          28   1.4052084427744782     
          28          29  0.96900806046226418     
          28          30   1.4504859604305844     
          30          31  0.97107515432821967     
          27          32  0.10886850902069087     
          30          32   1.4337903225647364     
          32          33  0.97141971788534354     
          28          34  0.11149049156334102     
          32          34   1.4423767876694897     
          34          35  0.97090625812287501     
          27          36   1.4074787163234033     
          30          36  0.10997264343176755     
          34          36   1.4395233669799581     
          36          37  0.96368806830820430     
