           2           7  0.19470782739042294     
           3           8  0.20415856036044305     
           4           9  0.19404724292415476     
           5          10  0.19798454261552420     
           6          11  0.19329107432015333     
           1          12  0.19649946067142995     
           1          13   1.6432635664329873     
          12          13   1.2755130490958737     
           7          14  0.96307484147058020     
          13          14  0.93600167510017829     
          14          15  0.98273687655221054     
          15          16   1.0030313883964246     
           7          17  0.98071949124927826     
          16          17   1.0055578764661883     
           2          18   1.6119380863485631     
           7          18   1.2962066796164726     
           8          19  0.97766636619482006     
          18          19  0.93296822345334118     
          19          20   1.0024163719102297     
           3          21   1.6446423526149481     
           8          21   1.3107833278070617     
           9          22  0.99085345267156322     
          21          22  0.91722796146079755     
          22          23   1.0001122885061340     
           4          24   1.6995702612433305     
           9          24   1.2389379520084882     
          10          25  0.97537779630283161     
          24          25  0.93176609381815445     
          25          26  0.99823736075709335     
           5          27   1.6062792573815561     
          10          27   1.3286249480728616     
          11          28  0.97397799624166626     
          27          28  0.92856644307960046     
          28          29   1.0078669036705912     
           6          30   1.6591878731142831     
          11          30   1.2764817999740625     
          12          31  0.96275816470017817     
          30          31  0.93576032861401437     
          31          32  0.98239402821805544     
          32          33   1.0037935376635780     
          12          34  0.98006882744503709     
          33          34   1.0036712167096007     
          14          35  0.95754914515938272     
          15          36  0.97901408491856823     
          15          37  0.97552784208103838     
          16          38  0.97859760838170828     
          16          39  0.97633788660295773     
          17          40  0.95876215185252323     
          17          41  0.96294606471733646     
           8          42  0.85367599530946969     
          19          43  0.94836935704325176     
          20          44  0.98321865669165409     
          20          45  0.97617855924521646     
          20          46  0.98559256451989974     
           9          47  0.92663828925063418     
          22          48  0.94408646808283070     
          23          49  0.98556528391867393     
          23          50  0.97824676901494811     
          23          51  0.98436891452339248     
          10          52  0.90821210166226873     
          25          53  0.95210906347308166     
          26          54  0.98425354891933514     
          26          55  0.98335691029634997     
          26          56  0.98050148306463536     
          11          57  0.90502229712409754     
          28          58  0.95029627772956449     
          29          59  0.98146538292955199     
          29          60  0.98053476467335954     
          29          61  0.98574999954016107     
          31          62  0.95578614498486170     
          32          63  0.97715293826705907     
          32          64  0.97571417911374070     
          33          65  0.97912067978218786     
          33          66  0.97682343056458498     
          34          67  0.96516006633805751     
          34          68  0.97025523049499163     
