   -0.37361543
    0.35673748
   -0.37716342
    0.36220919
   -0.03905143
    0.08213042
    0.07719616
   -0.17370454
    0.22932003
    0.26675235
   -0.45430302
   -0.02591294
    0.07964910
    0.08068415
   -0.16745846
    0.20397416
    0.26750057
   -0.44904515
    0.03378738
   -0.35415140
    0.14702557
    0.15208203
    0.03447408
   -0.06837134
    0.04667368
    0.04936774
    0.01106451
   -0.03657364
    0.02461676
   -0.02787783
    0.03155279
   -0.02961294
    0.03341678
   -0.02657550
    0.03467462
   -0.03280004
    0.03132753
