           1           2   1.7794366941154731     
           1           3  0.18075218259330536     
           2           3   1.1890123132120369     
           3           4  0.78137267371871744     
           2           5  0.92725655295934073     
           5           6  0.97305490558409324     
           5           7  0.95365091843865080     
           5           8  0.99014498542050788     
           8           9  0.88196018435999857     
           8          10   1.3273606656647157     
           8          11  0.20419947697353302     
          10          11   1.6101764225566946     
          10          12  0.94185700607191580     
          12          13  0.95760511345092203     
          12          14  0.97094739258106433     
          12          15  0.99279283165122001     
          15          16  0.92069922102851398     
          15          17   1.2821393102672856     
          15          18  0.19241366635251905     
          17          18   1.6439576266546425     
          17          19  0.94610639470884594     
          19          20   1.0115217449533265     
          20          21  0.96387792105753289     
          20          22  0.96039322620084588     
          19          23  0.95795130556321095     
          19          24  0.95950751292977476     
          24          25  0.96852751280176430     
          24          26  0.97280332888521071     
          24          27   1.0084654577184886     
          27          28   1.4134704482463114     
          28          29  0.96925575793346974     
          28          30   1.4447735971262934     
          30          31  0.97114320859430148     
          27          32  0.11008168229159820     
          30          32   1.4390091016598654     
          32          33  0.97136402812576805     
          28          34  0.11114032067685320     
          32          34   1.4385861465193923     
          34          35  0.97099064258809953     
          27          36   1.4141957291701148     
          30          36  0.11140105603714770     
          34          36   1.4454978353051102     
          36          37  0.96949346663378155     
