   -0.37314346
    0.35723264
   -0.37189527
    0.36364122
   -0.04237078
    0.08287682
    0.08123930
   -0.16099617
    0.19325197
    0.26780593
   -0.44614580
   -0.02922407
    0.10487526
    0.08053662
   -0.18121039
    0.17724600
    0.27125457
   -0.42691441
    0.03290144
   -0.34139042
    0.14934700
    0.15819435
    0.02964246
   -0.07039885
    0.03987196
    0.05247752
    0.00278271
   -0.04273830
    0.02728231
   -0.02939208
    0.03991783
   -0.03468188
    0.05311619
   -0.03747593
    0.02866653
   -0.04457852
    0.03839572
