           1           2   1.7756412225518365     
           1           3  0.18203358037595027     
           2           3   1.1963901758614350     
           3           4  0.77994411514652529     
           2           5  0.92663612578358157     
           5           6  0.96953141166360546     
           5           7  0.95235220640813378     
           5           8  0.98803765107774122     
           8           9  0.92427435800184410     
           8          10   1.3021048273971183     
           8          11  0.19691521238866427     
          10          11   1.6189225897341282     
          10          12  0.95612515354641303     
          12          13  0.94061642093774489     
          12          14  0.96273737132452741     
          12          15  0.99602922611989575     
          15          16  0.93912480496404760     
          15          17   1.2414271438390354     
          15          18  0.19625618354009758     
          17          18   1.6965085954539976     
          17          19  0.94140374114883207     
          19          20   1.0198549934193653     
          20          21  0.96032340458944554     
          20          22  0.95897019891890989     
          19          23  0.96210205207731270     
          19          24  0.95061005688686417     
          24          25  0.96731558464535139     
          24          26  0.97323656352741894     
          24          27   1.0124764895263234     
          27          28   1.4084247906826002     
          28          29  0.96945715714195624     
          28          30   1.4492765256054350     
          30          31  0.97053697819239382     
          27          32  0.10994329964775987     
          30          32   1.4349612354351122     
          32          33  0.96838112319280079     
          28          34  0.11011787431549702     
          32          34   1.4374512410022506     
          34          35  0.96968618670051066     
          27          36   1.4103062759265257     
          30          36  0.11019823041042404     
          34          36   1.4375762725396599     
          36          37  0.96831694214621877     
