           2           7  0.19470782750934296     
           3           8  0.20415856031312576     
           4           9  0.19404724288954361     
           5          10  0.19798454257441489     
           6          11  0.19329107437902740     
           1          12  0.19649946069305865     
           1          13   1.6432635670026741     
          12          13   1.2755130479980588     
           7          14  0.96307484146539435     
          13          14  0.93600167541139268     
          14          15  0.98273687655342534     
          15          16   1.0030313883267095     
           7          17  0.98071949129985658     
          16          17   1.0055578764697060     
           2          18   1.6119380861062382     
           7          18   1.2962066793607805     
           8          19  0.97766636580857424     
          18          19  0.93296822388875877     
          19          20   1.0024163720683612     
           3          21   1.6446423528713012     
           8          21   1.3107833277746193     
           9          22  0.99085345260889679     
          21          22  0.91722796117710881     
          22          23   1.0001122887825296     
           4          24   1.6995702603461598     
           9          24   1.2389379529462161     
          10          25  0.97537779625404819     
          24          25  0.93176609377515995     
          25          26  0.99823736084973336     
           5          27   1.6062792576033580     
          10          27   1.3286249482764889     
          11          28  0.97397799665550022     
          27          28  0.92856644258386722     
          28          29   1.0078669037117121     
           6          30   1.6591878733251044     
          11          30   1.2764817995286699     
          12          31  0.96275816500559619     
          30          31  0.93576032879171445     
          31          32  0.98239402804162668     
          32          33   1.0037935376790554     
          12          34  0.98006882751915181     
          33          34   1.0036712166417263     
          14          35  0.95754914504709610     
          15          36  0.97901408491133490     
          15          37  0.97552784211883514     
          16          38  0.97859760837029663     
          16          39  0.97633788657832832     
          17          40  0.95876215184622537     
          17          41  0.96294606467652621     
           8          42  0.85367599584373266     
          19          43  0.94836935710693115     
          20          44  0.98321865663286134     
          20          45  0.97617855922881380     
          20          46  0.98559256448585897     
           9          47  0.92663828910891421     
          22          48  0.94408646809319374     
          23          49  0.98556528387592834     
          23          50  0.97824676902170415     
          23          51  0.98436891440250185     
          10          52  0.90821210189777690     
          25          53  0.95210906349714897     
          26          54  0.98425354891841821     
          26          55  0.98335691026179450     
          26          56  0.98050148302795126     
          11          57  0.90502229722571181     
          28          58  0.95029627764824964     
          29          59  0.98146538294801677     
          29          60  0.98053476468864165     
          29          61  0.98574999949010356     
          31          62  0.95578614495197989     
          32          63  0.97715293827529526     
          32          64  0.97571417912777170     
          33          65  0.97912067983747142     
          33          66  0.97682343058717391     
          34          67  0.96516006643675745     
          34          68  0.97025523046311568     
