   -0.35619705
    0.35592965
   -0.36971204
    0.32956318
   -0.02932294
    0.08497343
    0.07706401
   -0.18749963
    0.19061269
    0.26458953
   -0.43558517
    0.03018658
    0.03132737
   -0.33641636
    0.15987558
    0.14010102
   -0.06551106
    0.05651431
    0.05353949
   -0.03826089
   -0.00823180
    0.03262352
   -0.09615645
    0.16583747
    0.04496430
   -0.05207356
    0.02828980
   -0.04254374
    0.02529098
   -0.04913817
    0.02321955
   -0.03945695
    0.03562310
   -0.02401973
