           1           2   1.1390370118229518     
           1           3  0.16251747206613426     
           2           3   1.7793716824184131     
           1           4  0.86929522018316874     
           2           5  0.96349575683731647     
           5           6  0.94594130272000387     
           5           7  0.93855920686682959     
           5           8   1.0080941262050129     
           8           9  0.91989830719627697     
           8          10   1.2317459520899932     
           8          11  0.18695253365148087     
          10          11   1.6947326479255191     
          10          12  0.93742960180743951     
          12          13  0.96235105509365626     
          12          14   1.0265994453801162     
          14          15  0.95592432141553474     
          14          16  0.96497347759811714     
          12          17  0.94952197148064044     
          17          18  0.96987158842174959     
          17          19  0.96907504543237855     
          17          20   1.0195741987037850     
          20          21   1.5772741189050539     
          21          22  0.96973400259962861     
          21          23   1.1995713349481887     
          23          24  0.94453743613285157     
          23          25   1.1838851314882712     
          25          26   1.3361109372933908     
          26          27  0.96832088311683118     
          26          28   1.4945062430667739     
          28          29  0.97216932846032134     
          28          30   1.3699238958228070     
          30          31  0.97196246735805025     
          26          32  0.11288740959376252     
          30          32   1.5024127127098879     
          32          33  0.96756360933560870     
          20          34   1.2027999330755290     
          25          34   1.2451034127809988     
          32          34   1.3314010676686345     
