   -0.37409960
    0.35808984
   -0.37694614
    0.36456319
   -0.03962548
    0.07559830
    0.07769006
   -0.16402269
    0.20445748
    0.26155371
   -0.45847487
    0.02687129
    0.06279531
   -0.35520967
    0.15379725
    0.14561042
   -0.06366944
    0.06664753
    0.03245998
   -0.03255954
   -0.01024255
    0.02535548
   -0.10829471
    0.15697809
    0.04422733
   -0.05331842
    0.02318461
   -0.03514893
    0.02918115
   -0.04046494
    0.02905917
   -0.03678245
    0.03141984
   -0.02068059
