           1           2   1.2008309800885171     
           1           3  0.18292567958001463     
           2           3   1.7737467332980872     
           1           4  0.77061687384146194     
           2           5  0.92435220624744630     
           5           6  0.95251884015963029     
           5           7  0.97393021367821908     
           5           8  0.99080774562354612     
           8           9  0.91585843525428257     
           8          10   1.3070417761412598     
           8          11  0.19233612820914700     
          10          11   1.6053411296339886     
          10          12  0.95174916711665525     
          12          13  0.94207160998102357     
          12          14   1.0182990244405028     
          14          15  0.95958335780893622     
          14          16  0.96280756432915493     
          12          17  0.95835858815247654     
          17          18  0.96267855263789970     
          17          19  0.97391457761794031     
          17          20   1.0194594796766436     
          20          21   1.5827229210866582     
          21          22  0.96993735819844429     
          21          23   1.1898820036426261     
          23          24  0.94764617956221342     
          23          25   1.1750772121496509     
          25          26   1.3368845644616190     
          26          27  0.96865504972658190     
          26          28   1.4948407213031196     
          28          29  0.97199274578145545     
          28          30   1.3711499308265924     
          30          31  0.97165430275535503     
          26          32  0.11434121485558839     
          30          32   1.5057937858216881     
          32          33  0.96858191569259300     
          20          34   1.1996067055247759     
          25          34   1.2515760915053120     
          32          34   1.3310512236386411     
