   -0.37574229
    0.35749671
   -0.38606775
    0.36465342
   -0.03620649
    0.07945343
    0.07542094
   -0.17837273
    0.18947106
    0.25994588
   -0.46064367
    0.03322202
    0.03953144
   -0.33329397
    0.14312472
    0.16046734
   -0.06552783
    0.05146182
    0.06196360
   -0.04528920
   -0.00639941
    0.04039346
   -0.09792624
    0.17715073
    0.04478244
   -0.05064199
    0.03156348
   -0.03734635
    0.02981960
   -0.04362991
    0.02646040
   -0.04480835
    0.02458892
   -0.02907524
