           1           2   1.1948478395959699     
           1           3  0.17963197696482391     
           2           3   1.7663477849355718     
           1           4  0.77741603434735618     
           2           5  0.93065860017158231     
           5           6  0.95649458126210218     
           5           7  0.97407252340035522     
           5           8  0.98564586410428157     
           8           9  0.92334416423653065     
           8          10   1.2813878444262847     
           8          11  0.18377382383135810     
          10          11   1.6153335964311373     
          10          12  0.94403441060328264     
          12          13  0.95922209257516511     
          12          14   1.0305341092255060     
          14          15  0.96390312053848537     
          14          16  0.95600804943847861     
          12          17  0.94612049994617375     
          17          18  0.97313755237200228     
          17          19  0.96394781268999119     
          17          20   1.0190624147250071     
          20          21   1.5742607686626735     
          21          22  0.96875993471974042     
          21          23   1.2087626705959120     
          23          24  0.93970937740364868     
          23          25   1.1856158551871074     
          25          26   1.3357722055727461     
          26          27  0.96812548609239046     
          26          28   1.4971853628872582     
          28          29  0.97195034741952546     
          28          30   1.3682495534354486     
          30          31  0.97179866256733494     
          26          32  0.11319596460890279     
          30          32   1.5062569450206453     
          32          33  0.96846054670046111     
          20          34   1.2004991755457666     
          25          34   1.2418814787097587     
          32          34   1.3250008201449079     
