   -0.37389549
    0.35763921
   -0.37994748
    0.36537260
   -0.03689310
    0.07152458
    0.07578280
   -0.17074450
    0.18328714
    0.26039430
   -0.45521863
    0.02630494
    0.06556507
   -0.33927294
    0.14254037
    0.14176995
   -0.06722049
    0.06047634
    0.05414716
   -0.03941172
   -0.01456940
    0.03086949
   -0.11277915
    0.15726448
    0.04150844
   -0.05270253
    0.02484801
   -0.02842007
    0.03774247
   -0.03228634
    0.04200331
   -0.03876372
    0.03035266
   -0.02726775
