           1           2   1.2016279017923936     
           1           3  0.18221288298224461     
           2           3   1.7717441577447413     
           1           4  0.76792806959089266     
           2           5  0.92400724796247424     
           5           6  0.97460029937603276     
           5           7  0.95421577938333912     
           5           8  0.99039474389361781     
           8           9  0.92708345047601881     
           8          10   1.2794624252546687     
           8          11  0.18588696595376980     
          10          11   1.6184462458782769     
          10          12  0.94493356348697755     
          12          13  0.95646174986013044     
          12          14   1.0211157602239516     
          14          15  0.95565755981895406     
          14          16  0.96534401115008861     
          12          17  0.95302540340254782     
          17          18  0.96690458293114934     
          17          19  0.97031869306950558     
          17          20   1.0212743354377483     
          20          21   1.5734978720075494     
          21          22  0.96855797582602832     
          21          23   1.1932014063428469     
          23          24  0.94744456099108343     
          23          25   1.1675827822580949     
          25          26   1.3361730868083850     
          26          27  0.96850633858298452     
          26          28   1.4968187399181818     
          28          29  0.97134122535483558     
          28          30   1.3700254917717092     
          30          31  0.97058514016221076     
          26          32  0.11566753181512318     
          30          32   1.5088436164342123     
          32          33  0.96767487293843668     
          20          34   1.1960538541296650     
          25          34   1.2571666091043578     
          32          34   1.3269541443665487     
