   -0.36929831
    0.35687658
   -0.37581594
    0.36082959
   -0.03922302
    0.08246927
    0.07837593
   -0.17172038
    0.22664823
    0.26693366
   -0.45297906
   -0.02351757
    0.07989694
    0.07910311
   -0.17827756
    0.18127080
    0.25624104
   -0.44861997
    0.03470622
   -0.32886938
    0.14230525
    0.16194635
    0.03638306
   -0.06665892
    0.06225854
    0.03248734
    0.01361590
   -0.03631425
    0.05247781
   -0.02893582
    0.03282320
   -0.03214190
    0.03064488
   -0.03070559
    0.03048422
   -0.03997889
    0.02427862
