           1           2   1.7836993985481546     
           1           3  0.18063636893276311     
           2           3   1.1858662905652058     
           3           4  0.78664904814278203     
           2           5  0.92623510764878558     
           5           6  0.97285167018224472     
           5           7  0.95415744876895647     
           5           8  0.98979615212878358     
           8           9  0.88831007762902736     
           8          10   1.3230875844683567     
           8          11  0.20439817296543067     
          10          11   1.6143850748750310     
          10          12  0.94238907136511507     
          12          13  0.95934823300364735     
          12          14  0.97153131079473531     
          12          15  0.98657098050545289     
          15          16  0.93927740956322570     
          15          17   1.2594664829378988     
          15          18  0.18467930910386871     
          17          18   1.6478254701233785     
          17          19  0.93844659181978884     
          19          20   1.0337561808177524     
          20          21  0.96433256550718138     
          20          22  0.95466252930798179     
          19          23  0.95841312478133522     
          19          24  0.95019482899431906     
          24          25  0.96560894181335000     
          24          26  0.97354105437566862     
          24          27   1.0089821501251803     
          27          28   1.4071520833275106     
          28          29  0.96649475754423597     
          28          30   1.4503799977532346     
          30          31  0.97098595825121903     
          27          32  0.10931334251308593     
          30          32   1.4347310137469351     
          32          33  0.97147739322906446     
          28          34  0.11247404128346768     
          32          34   1.4423156980885803     
          34          35  0.97122405630503872     
          27          36   1.4179317509268203     
          30          36  0.11002824257944305     
          34          36   1.4400967796753732     
          36          37  0.96905091571580160     
