   -0.37303672
    0.35824147
   -0.37413231
    0.36245754
   -0.03851089
    0.07144431
    0.08159657
   -0.17270962
    0.23053962
    0.26720054
   -0.45314645
   -0.02611929
    0.07888955
    0.08194509
   -0.16798656
    0.20569577
    0.26089216
   -0.45295243
    0.03333942
   -0.35551479
    0.14212040
    0.15747772
    0.03446140
   -0.06707949
    0.04842982
    0.05662448
    0.01148698
   -0.04101498
    0.03163704
   -0.03064966
    0.03265523
   -0.03133806
    0.03346767
   -0.02877759
    0.03461933
   -0.03769156
    0.03543830
