           1           2   1.7781934278083606     
           1           3  0.18183839778290259     
           2           3   1.1950671761995000     
           3           4  0.77725349695649260     
           2           5  0.92526037537843475     
           5           6  0.95252368883039207     
           5           7  0.97360126895738575     
           5           8  0.99050199087387980     
           8           9  0.88075439758443408     
           8          10   1.3312489140087529     
           8          11  0.20528836447693297     
          10          11   1.6085150037592655     
          10          12  0.94277628772198296     
          12          13  0.95368115255605468     
          12          14  0.97117418879610506     
          12          15  0.99385001874901024     
          15          16  0.91419972153997198     
          15          17   1.2915924701886652     
          15          18  0.19434827074696892     
          17          18   1.6327039914216959     
          17          19  0.94596319359750136     
          19          20   1.0153504246682026     
          20          21  0.96599534104339568     
          20          22  0.95195879479869028     
          19          23  0.95451477909605598     
          19          24  0.95629752430186865     
          24          25  0.97360523172383584     
          24          26  0.96745750780650508     
          24          27   1.0096619325836069     
          27          28   1.4134115946090382     
          28          29  0.96823485793260056     
          28          30   1.4392510906749547     
          30          31  0.97104595728825438     
          27          32  0.10915018986960798     
          30          32   1.4429049291447884     
          32          33  0.97131739789095772     
          28          34  0.10985627703429693     
          32          34   1.4342343153454506     
          34          35  0.97092195431347861     
          27          36   1.4076340162250438     
          30          36  0.11204276911171064     
          34          36   1.4502339354241358     
          36          37  0.96893435937546846     
