   -0.37637087
    0.35844141
   -0.37856613
    0.36464496
   -0.03683618
    0.06906044
    0.07724018
   -0.16542432
    0.21125462
    0.26849349
   -0.45850571
    0.03369360
    0.03080586
   -0.34762642
    0.15143865
    0.14322975
   -0.06084626
    0.05220316
    0.04898668
   -0.03589400
   -0.00707545
    0.03597530
   -0.10536684
    0.16017357
    0.04258227
   -0.05361572
    0.02530871
   -0.03657220
    0.03016388
   -0.04295786
    0.02770656
   -0.04305633
    0.03823615
   -0.02092495
