           1           2   1.2015880291368253     
           1           3  0.18296638135472620     
           2           3   1.7722981659271240     
           1           4  0.76613732121544831     
           2           5  0.92635653999256862     
           5           6  0.95200078384909581     
           5           7  0.97397702825757237     
           5           8  0.99075765482931155     
           8           9  0.91135676524240838     
           8          10   1.3089813269749997     
           8          11  0.19182229282859758     
          10          11   1.6065373630383895     
          10          12  0.95176293129662137     
          12          13  0.95595749158751553     
          12          14   1.0159506979973483     
          14          15  0.95883915893267768     
          14          16  0.96432478114872200     
          12          17  0.95376417062055519     
          17          18  0.96348193280958616     
          17          19  0.97519713600028901     
          17          20   1.0163144177973193     
          20          21   1.5834966325427171     
          21          22  0.96927506391013973     
          21          23   1.1967719916429163     
          23          24  0.94655527489826097     
          23          25   1.1751344922779927     
          25          26   1.3382104614681676     
          26          27  0.96846004393065055     
          26          28   1.4939726481729316     
          28          29  0.97193652531256325     
          28          30   1.3709837159756559     
          30          31  0.97168669903485660     
          26          32  0.11351062897749145     
          30          32   1.5048367039703643     
          32          33  0.96620309153127104     
          20          34   1.2019443318394265     
          25          34   1.2481792605332698     
          32          34   1.3281896115826262     
