   -0.37615313
    0.35827979
   -0.38480262
    0.36700778
   -0.03807266
    0.07894515
    0.07662531
   -0.17042596
    0.18159788
    0.27508171
   -0.44155381
    0.03171755
    0.03760932
   -0.33916926
    0.14547636
    0.17111586
   -0.06669255
    0.04801846
    0.02677774
   -0.04283270
   -0.01128426
    0.02476164
   -0.09670122
    0.17266070
    0.04752290
   -0.04982043
    0.02795110
   -0.03536625
    0.02828328
   -0.04168761
    0.02529078
   -0.03677134
    0.02307858
   -0.01646805
