           1           2   1.2013075864285072     
           1           3  0.18121490272787022     
           2           3   1.7659892105410515     
           1           4  0.76936844145460315     
           2           5  0.92712505487055796     
           5           6  0.95611464057481943     
           5           7  0.97449693585354069     
           5           8  0.98705896198711096     
           8           9  0.93923716337384022     
           8          10   1.2744024967496048     
           8          11  0.18383698928911696     
          10          11   1.6292950247919411     
          10          12  0.95394651154994348     
          12          13  0.95306456932017003     
          12          14   1.0399407131135652     
          14          15  0.96024335665418170     
          14          16  0.94755559990951088     
          12          17  0.93232059941411882     
          17          18  0.96625739142231037     
          17          19  0.97559316316763633     
          17          20   1.0183552302912646     
          20          21   1.5669348941141363     
          21          22  0.96915282733398200     
          21          23   1.2078135892885811     
          23          24  0.94185259632037677     
          23          25   1.1819548635309736     
          25          26   1.3360416234234962     
          26          27  0.96834170699420341     
          26          28   1.4968949537917779     
          28          29  0.97203460140034337     
          28          30   1.3693114123163186     
          30          31  0.97193043339681884     
          26          32  0.11375445498819493     
          30          32   1.5058143218552924     
          32          33  0.96696853408786432     
          20          34   1.2061463139322941     
          25          34   1.2459047207944749     
          32          34   1.3297182358293089     
