   -0.37801645
    0.35902286
   -0.38425286
    0.36716718
   -0.03923072
    0.07737497
    0.07444080
   -0.16020843
    0.20148350
    0.27029925
   -0.45420022
    0.03220757
    0.03649812
   -0.35346925
    0.14264015
    0.15092207
   -0.06386124
    0.04585672
    0.04711769
   -0.04139659
   -0.00908030
    0.02922028
   -0.09582684
    0.17097036
    0.04737898
   -0.05027348
    0.02721082
   -0.03554038
    0.02801451
   -0.04051702
    0.02553381
   -0.03397174
    0.02262533
   -0.01613943
