           1           2   1.2028892911660125     
           1           3  0.18185501345576124     
           2           3   1.7668619929839087     
           1           4  0.76485856608792779     
           2           5  0.92644201422515848     
           5           6  0.97466401571125805     
           5           7  0.95453724380730776     
           5           8  0.99041672657770297     
           8           9  0.92683876110758123     
           8          10   1.2986514453838023     
           8          11  0.19108269993118496     
          10          11   1.6147167611128679     
          10          12  0.94923437618473316     
          12          13  0.95921816635814805     
          12          14   1.0111742582162286     
          14          15  0.96514684626333413     
          14          16  0.96146314890458895     
          12          17  0.95690473714381286     
          17          18  0.97245317024948363     
          17          19  0.96942453385965288     
          17          20   1.0124648703817531     
          20          21   1.5722854517472946     
          21          22  0.96913226076877401     
          21          23   1.2076076045460851     
          23          24  0.94274140705554277     
          23          25   1.1800449043657966     
          25          26   1.3364559813732744     
          26          27  0.96841921761199212     
          26          28   1.4961883928195332     
          28          29  0.97208480096879635     
          28          30   1.3696816452189258     
          30          31  0.97190413267432385     
          26          32  0.11391017126732328     
          30          32   1.5064445129236432     
          32          33  0.96909545620648752     
          20          34   1.2059560736336201     
          25          34   1.2477573868931400     
          32          34   1.3300931979382919     
