   -0.38050379
    0.35948673
   -0.37633084
    0.36434851
   -0.03871358
    0.07467575
    0.08255279
   -0.17109815
    0.23062438
    0.26823457
   -0.45375867
   -0.02482022
    0.08096025
    0.07681265
   -0.16861870
    0.20422518
    0.26570980
   -0.45134866
    0.03297624
   -0.35430031
    0.14362036
    0.15193835
    0.03560786
   -0.06552954
    0.04609599
    0.04618413
    0.00987652
   -0.03538659
    0.02193160
   -0.03295972
    0.05799275
   -0.02967099
    0.03416828
   -0.02809234
    0.03155224
   -0.03453482
    0.02609201
