           1           2   1.7651640259417698     
           1           3  0.18091846062623160     
           2           3   1.2012310444706156     
           3           4  0.76847656954480226     
           2           5  0.92831203265265394     
           5           6  0.95017095848203259     
           5           7  0.97299149595176271     
           5           8  0.99003926092807326     
           8           9  0.87894420765734482     
           8          10   1.3359575615833583     
           8          11  0.20458946352815283     
          10          11   1.6028235653654859     
          10          12  0.94393659674903063     
          12          13  0.97161789468029236     
          12          14  0.95280396762933250     
          12          15  0.99459755166031438     
          15          16  0.91944356386614912     
          15          17   1.2853695909670957     
          15          18  0.19385486381760161     
          17          18   1.6370697108464873     
          17          19  0.94925668394586316     
          19          20   1.0121543204521359     
          20          21  0.96527032977015215     
          20          22  0.95999947418510245     
          19          23  0.95464984908023320     
          19          24  0.95875289648295703     
          24          25  0.96567482727071341     
          24          26  0.97435809430844755     
          24          27   1.0079676535313440     
          27          28   1.4178381999351417     
          28          29  0.96859520129722632     
          28          30   1.4410101723515445     
          30          31  0.96412548285485644     
          27          32  0.10980801009154664     
          30          32   1.4412399244358258     
          32          33  0.97123742291605941     
          28          34  0.11058779231002989     
          32          34   1.4366674080047563     
          34          35  0.97112876889221256     
          27          36   1.4111389481936571     
          30          36  0.11235409403047494     
          34          36   1.4477285775579662     
          36          37  0.96947149968893365     
