   -0.38157944
    0.35454544
   -0.36715262
    0.36369334
   -0.04392310
    0.07645993
    0.10769473
   -0.16777901
    0.17707132
    0.28048565
   -0.41790232
   -0.01996423
    0.05277294
    0.07563455
   -0.15926090
    0.20523822
    0.27318198
   -0.47156152
    0.02827556
   -0.35529275
    0.15208787
    0.15072644
    0.05972085
   -0.07173396
    0.06430339
    0.03900463
    0.01009564
   -0.03956980
    0.04646615
   -0.03025522
    0.03166459
   -0.03291989
    0.03036872
   -0.03289328
    0.02907895
   -0.04186196
    0.02507913
