           1           2   1.7665260779909941     
           1           3  0.17665207383159137     
           2           3   1.1862015845152118     
           3           4  0.80158836138962763     
           2           5  0.93907378672030584     
           5           6  0.95923302980577918     
           5           7  0.93968265422856212     
           5           8  0.99816086214300437     
           8           9  0.93840863294560994     
           8          10   1.2489594421724379     
           8          11  0.19939651766359806     
          10          11   1.7030108953953369     
          10          12  0.93666273389353072     
          12          13  0.96417985795230454     
          12          14  0.96424464009820432     
          12          15  0.99311669927711232     
          15          16  0.91488871133122718     
          15          17   1.3000571501400002     
          15          18  0.19204961533064910     
          17          18   1.6153899682653641     
          17          19  0.94853769867129578     
          19          20   1.0228963240678590     
          20          21  0.96158646424589767     
          20          22  0.95404867154912953     
          19          23  0.94394851967547688     
          19          24  0.95394040601374186     
          24          25  0.96736437238185480     
          24          26  0.97249377034041318     
          24          27   1.0158596818172805     
          27          28   1.4066763923086494     
          28          29  0.96730008458718519     
          28          30   1.4504464181223888     
          30          31  0.97104838851654818     
          27          32  0.10888064544986323     
          30          32   1.4341158281949908     
          32          33  0.97148726730639123     
          28          34  0.11221173180851296     
          32          34   1.4427429721241103     
          34          35  0.97130841923792421     
          27          36   1.4112162783641062     
          30          36  0.10936673051175148     
          34          36   1.4389512258854513     
          36          37  0.96867093990146991     
