   -0.37941600
    0.35956244
   -0.37779736
    0.36451794
   -0.03868528
    0.08227852
    0.07340700
   -0.17288990
    0.23007738
    0.26796138
   -0.45061588
   -0.02213644
    0.07695355
    0.07935748
   -0.17484877
    0.18181956
    0.25967540
   -0.44949039
    0.03357574
   -0.33553164
    0.16163897
    0.14662059
    0.04008604
   -0.07327998
    0.03335335
    0.06992265
    0.00439121
   -0.04437704
    0.01684644
   -0.03232419
    0.04262142
   -0.02984067
    0.05242445
   -0.02910472
    0.03478973
   -0.03849535
    0.03695238
