           1           2   1.7696362512078125     
           1           3  0.18105605852057061     
           2           3   1.1999188055761945     
           3           4  0.76403920484568055     
           2           5  0.92777639490659125     
           5           6  0.97341142550314075     
           5           7  0.94921837682874133     
           5           8  0.98919755280527200     
           8           9  0.87734139545394263     
           8          10   1.3366308988352489     
           8          11  0.20455490152976025     
          10          11   1.6040202669129386     
          10          12  0.94353373282912967     
          12          13  0.95334828666473059     
          12          14  0.97207746881732904     
          12          15  0.99094551914298989     
          15          16  0.93815213741434111     
          15          17   1.2662155678728841     
          15          18  0.18534507232666061     
          17          18   1.6440085812833645     
          17          19  0.93667214076060401     
          19          20   1.0351628478496597     
          20          21  0.95125419140592937     
          20          22  0.96187054884370760     
          19          23  0.95256184249172748     
          19          24  0.95565890962767075     
          24          25  0.97387457764888197     
          24          26  0.96492857348775274     
          24          27   1.0111474716622333     
          27          28   1.4125458003559983     
          28          29  0.96846378250525755     
          28          30   1.4447681400354957     
          30          31  0.96901100094283066     
          27          32  0.11034193045466048     
          30          32   1.4375092228601833     
          32          33  0.96870660480484483     
          28          34  0.11011561098176535     
          32          34   1.4390854427707764     
          34          35  0.97082711381775910     
          27          36   1.4120059127076083     
          30          36  0.11146507332778169     
          34          36   1.4449677147176916     
          36          37  0.96595509829442050     
