   -0.38911355
    0.35486532
   -0.36507046
    0.36085510
   -0.04300097
    0.07229433
    0.11036896
   -0.17428234
    0.17560994
    0.28155138
   -0.41612432
   -0.02336175
    0.06720022
    0.07857136
   -0.17723152
    0.20238067
    0.26963042
   -0.45945733
    0.02633357
   -0.35743723
    0.15002484
    0.15210657
    0.05534319
   -0.06920412
    0.05863318
    0.04461596
    0.00736487
   -0.05036550
    0.02078181
   -0.03929407
    0.02733762
   -0.03336728
    0.03846046
   -0.02336952
    0.05384281
   -0.03223860
    0.04474596
