           1           2   1.7556967478785177     
           1           3  0.17459015959989591     
           2           3   1.1901086628879154     
           3           4  0.79861960663349396     
           2           5  0.94064571302591005     
           5           6  0.95993114656064971     
           5           7  0.93670205209249802     
           5           8   1.0015992581953927     
           8           9  0.92455501040435772     
           8          10   1.2469801644560230     
           8          11  0.19890606135938799     
          10          11   1.7021712168539673     
          10          12  0.94569144730242838     
          12          13  0.95672105987098843     
          12          14  0.95797709384772389     
          12          15  0.99285505155914766     
          15          16  0.90913885316141063     
          15          17   1.2872145850160508     
          15          18  0.19003071533611710     
          17          18   1.6318943670738935     
          17          19  0.94117356088771109     
          19          20   1.0171789275838488     
          20          21  0.96379966191891731     
          20          22  0.95435189810935084     
          19          23  0.95341934437612053     
          19          24  0.96355923117689701     
          24          25  0.97236091840219430     
          24          26  0.95949181738834199     
          24          27   1.0097308395534406     
          27          28   1.4100446376811295     
          28          29  0.96272443859397505     
          28          30   1.4334835546211411     
          30          31  0.97120091861110036     
          27          32  0.10921948938549782     
          30          32   1.4370617121044904     
          32          33  0.97076650462637881     
          28          34  0.11039095972712873     
          32          34   1.4369295438853182     
          34          35  0.96895735249824633     
          27          36   1.4129372995604041     
          30          36  0.11036251057972982     
          34          36   1.4448890685480009     
          36          37  0.96747513635595062     
