   -0.47520404
   -0.43844342
   -0.47306584
   -0.42104901
   -0.47723702
   -0.44220278
   -0.08661918
   -0.17266205
   -0.18476148
   -0.17468261
   -0.18424790
   -0.08169678
    0.25867263
    0.01913880
   -0.05816671
   -0.06214406
    0.00073164
    0.25839364
    0.02842139
   -0.11823466
    0.27355514
    0.02011162
   -0.11844341
    0.27527222
    0.02912338
   -0.11568807
    0.27108724
    0.02458148
   -0.11764543
    0.27488757
    0.01875684
   -0.06050884
   -0.06413484
   -0.00362840
    0.05790872
    0.04342194
    0.04950742
    0.04561493
    0.05032485
    0.07623783
    0.05651545
    0.18934129
    0.06545567
    0.06463715
    0.06631443
    0.05325186
    0.18934653
    0.07576877
    0.05427742
    0.04846658
    0.06293678
    0.22947578
    0.06077734
    0.04973494
    0.04992449
    0.07170192
    0.21259287
    0.06556732
    0.05134064
    0.05059870
    0.07007230
    0.06317664
    0.04221851
    0.07134071
    0.04849065
    0.07801582
    0.07210866
    0.04126801
