           2           7  0.20135862483744343     
           3           8  0.19053549095772901     
           4           9  0.18726179716776867     
           5          10  0.20231460980661053     
           6          11  0.19935965318194779     
           1          12  0.19536703320380561     
           1          13   1.5906772159983293     
          12          13   1.3104546663328687     
           7          14  0.98165197391202541     
          13          14  0.94111094834896658     
          14          15  0.97605999579826730     
          15          16   1.0033472383674535     
           7          17  0.97491780162602093     
          16          17   1.0070859347959957     
           2          18   1.6684162722910514     
           7          18   1.2679182111760470     
           8          19  0.96481279716006019     
          18          19  0.92785883189568119     
          19          20   1.0002905375690507     
           3          21   1.6430260986237644     
           8          21   1.2920092744240153     
           9          22  0.99608201306876998     
          21          22  0.92427545083288465     
          22          23  0.99825845606753105     
           4          24   1.7101654731257943     
           9          24   1.2288152952652245     
          10          25  0.97871518719558936     
          24          25  0.92912119802083737     
          25          26  0.99718137630625503     
           5          27   1.6300216533014293     
          10          27   1.3208073924803367     
          11          28  0.97310319243893373     
          27          28  0.92419885480798514     
          28          29  0.99216670354278047     
           6          30   1.6355896533828793     
          11          30   1.3110459180309357     
          12          31  0.95934903561416651     
          30          31  0.92226037914077319     
          31          32  0.99836616028876080     
          32          33   1.0044672623035027     
          12          34  0.97747370235083686     
          33          34   1.0034659722055121     
          14          35  0.94546801552831394     
          15          36  0.97561628754491148     
          15          37  0.97816746117314446     
          16          38  0.97879118908630192     
          16          39  0.97659898397509293     
          17          40  0.96619650842843496     
          17          41  0.96625187926726364     
           8          42  0.93124551003119993     
          19          43  0.94682378015441770     
          20          44  0.98104959221427623     
          20          45  0.97702398026795534     
          20          46  0.98246961176256076     
           9          47  0.92852162457248066     
          22          48  0.93967021768597492     
          23          49  0.98138502921471160     
          23          50  0.98529761381816683     
          23          51  0.98234369541120214     
          10          52  0.87687353798506495     
          25          53  0.95396267479248020     
          26          54  0.98473030496720004     
          26          55  0.98411985466920804     
          26          56  0.98122593071959763     
          11          57  0.89644602821344677     
          28          58  0.96498269113668267     
          29          59  0.98375948265225799     
          29          60  0.98371530054299661     
          29          61  0.97960693427103829     
          31          62  0.95235211014113230     
          32          63  0.97805008606643595     
          32          64  0.97127156609613841     
          33          65  0.97830323579459744     
          33          66  0.97469356826799103     
          34          67  0.95939065528048306     
          34          68  0.96616366047999414     
