   -0.36663768
    0.35794221
   -0.36757698
    0.36281281
   -0.04103889
    0.08231735
    0.08050980
   -0.16476596
    0.18646959
    0.26906093
   -0.44614212
   -0.01630979
    0.08409814
    0.07392981
   -0.18311289
    0.19339899
    0.26060329
   -0.43888453
    0.03280025
   -0.33576430
    0.16050656
    0.14119792
    0.03374128
   -0.07105754
    0.06149582
    0.05114856
    0.00513254
   -0.04111389
    0.03034412
   -0.02819642
    0.03333526
   -0.03307802
    0.04518635
   -0.03086915
    0.03172057
   -0.04021230
    0.02700832
