           1           2   1.7830669606708671     
           1           3  0.18287646855694498     
           2           3   1.1945528562326646     
           3           4  0.78492222462326255     
           2           5  0.92289304048885978     
           5           6  0.97339511353962882     
           5           7  0.95428307978591564     
           5           8  0.98585879402293375     
           8           9  0.93898480865225920     
           8          10   1.2871045931763261     
           8          11  0.19026613251031324     
          10          11   1.6233074973975141     
          10          12  0.97068360731371128     
          12          13  0.94821910419683997     
          12          14  0.94110495182282028     
          12          15   1.0083657130965928     
          15          16  0.92019455799780858     
          15          17   1.2390297922028943     
          15          18  0.19031680195920128     
          17          18   1.6902223139774866     
          17          19  0.93599368108641123     
          19          20   1.0265549074125755     
          20          21  0.95596992231176370     
          20          22  0.96446029203494832     
          19          23  0.96150712984230058     
          19          24  0.95260953104482726     
          24          25  0.96517489264209311     
          24          26  0.97270577480216058     
          24          27   1.0139145774424827     
          27          28   1.4096535793702332     
          28          29  0.96944539869163426     
          28          30   1.4464521266178896     
          30          31  0.97094640361246842     
          27          32  0.10999124370908094     
          30          32   1.4374162047404839     
          32          33  0.96907880572877370     
          28          34  0.11090029534046250     
          32          34   1.4369662527053524     
          34          35  0.97088984731724448     
          27          36   1.4106012334813380     
          30          36  0.11039021925371185     
          34          36   1.4461560971335170     
          36          37  0.96917582405888436     
