   -0.35880222
    0.35554251
   -0.36831724
    0.32860172
   -0.03465314
    0.07281526
    0.09359072
   -0.17078506
    0.20315732
    0.27177159
   -0.43962578
    0.02526997
    0.05195270
   -0.35493255
    0.14499633
    0.15072736
   -0.06386015
    0.03323611
    0.05599369
   -0.03451612
   -0.00944651
    0.02449465
   -0.10115868
    0.16140704
    0.04802688
   -0.05034640
    0.02688167
   -0.03967326
    0.02542515
   -0.04970314
    0.02119174
   -0.04061073
    0.04399190
   -0.02264331
