           1           2   1.1352333106558243     
           1           3  0.16344590157080330     
           2           3   1.7877393622989624     
           1           4  0.86979935738268144     
           2           5  0.95609247845219014     
           5           6  0.93954516024400303     
           5           7  0.94708776084523194     
           5           8   1.0131110613465435     
           8           9  0.91562106665862963     
           8          10   1.2504594917143659     
           8          11  0.19081258429848399     
          10          11   1.6824400606770333     
          10          12  0.94503527802932930     
          12          13  0.95786883671993572     
          12          14   1.0261572057167268     
          14          15  0.96374818904972259     
          14          16  0.94779747949282478     
          12          17  0.94014552574720545     
          17          18  0.97123069198065970     
          17          19  0.97047134753017983     
          17          20   1.0226027306133985     
          20          21   1.5729276866159692     
          21          22  0.96831701310919616     
          21          23   1.1930872591106931     
          23          24  0.94605386543550596     
          23          25   1.1820662658970769     
          25          26   1.3352405666077853     
          26          27  0.96839081408762273     
          26          28   1.4960951359036985     
          28          29  0.97212371608258386     
          28          30   1.3694119674893606     
          30          31  0.97200239723041881     
          26          32  0.11381655289234519     
          30          32   1.5042212239858070     
          32          33  0.96570852069227164     
          20          34   1.2007298123451990     
          25          34   1.2488664400430907     
          32          34   1.3310402865093094     
