   -0.36712661
    0.35746196
   -0.36973059
    0.36251280
   -0.04210221
    0.08441235
    0.08214313
   -0.16174408
    0.18746329
    0.26861737
   -0.44831276
   -0.01937339
    0.08575662
    0.07451801
   -0.18335865
    0.19196158
    0.26161484
   -0.43684244
    0.03332635
   -0.33536823
    0.16085516
    0.14175517
    0.03289736
   -0.07095237
    0.06023984
    0.05559653
    0.00749075
   -0.03803726
    0.03267027
   -0.02410537
    0.03697474
   -0.03000958
    0.02668087
   -0.03380009
    0.02362620
   -0.03988925
    0.03217773
