           1           2   1.7825887124809816     
           1           3  0.18285597424883521     
           2           3   1.1942806361718226     
           3           4  0.78351003724363755     
           2           5  0.92396830650886141     
           5           6  0.95004272462383044     
           5           7  0.97362799204044359     
           5           8  0.98423260981790750     
           8           9  0.93832188333993150     
           8          10   1.2953038728990722     
           8          11  0.19147744813044643     
          10          11   1.6191168505083964     
          10          12  0.96344192816630159     
          12          13  0.95578282202776665     
          12          14  0.94072929890860568     
          12          15   1.0054508480213575     
          15          16  0.92309359105030864     
          15          17   1.2371157699202695     
          15          18  0.18975870250946250     
          17          18   1.6920204176300910     
          17          19  0.93506565602314995     
          19          20   1.0257605567075017     
          20          21  0.95589224336021783     
          20          22  0.96440075270486747     
          19          23  0.96281904740133772     
          19          24  0.95249019870626017     
          24          25  0.96573506423865807     
          24          26  0.97167692485070956     
          24          27   1.0134773875309191     
          27          28   1.4100614751611218     
          28          29  0.96943294109813793     
          28          30   1.4473828667576434     
          30          31  0.97081903167211137     
          27          32  0.10958284022090947     
          30          32   1.4355707344104727     
          32          33  0.97013442105612913     
          28          34  0.11027319738986403     
          32          34   1.4392797199523200     
          34          35  0.97105623685837672     
          27          36   1.4118149843198433     
          30          36  0.11083596022857026     
          34          36   1.4439439433717025     
          36          37  0.96901444582098206     
