   -0.37306929
    0.35756687
   -0.36950839
    0.36237864
   -0.04020107
    0.07835988
    0.07903534
   -0.16594754
    0.19614664
    0.26863657
   -0.45249100
   -0.02945352
    0.07894827
    0.10722100
   -0.18091560
    0.19447239
    0.26511775
   -0.43110778
    0.03085006
   -0.35362273
    0.14382934
    0.14964848
    0.03234582
   -0.06886928
    0.04765127
    0.04756617
    0.00578107
   -0.02834346
    0.03765065
   -0.02328652
    0.03946757
   -0.02817667
    0.04133247
   -0.03306340
    0.04375339
   -0.05046104
    0.02075765
