           1           2   1.7776295869433865     
           1           3  0.18194279172153294     
           2           3   1.1944619570578914     
           3           4  0.78647449234271982     
           2           5  0.92510582589921853     
           5           6  0.97014972652635101     
           5           7  0.95447620528738963     
           5           8  0.99095566378699862     
           8           9  0.91090307846346674     
           8          10   1.2982556250437554     
           8          11  0.19353164692015956     
          10          11   1.6168454497587841     
          10          12  0.95936612621214246     
          12          13  0.95776238553337034     
          12          14  0.93487930367094962     
          12          15   1.0042568783687236     
          15          16  0.92587802323260249     
          15          17   1.2453605244372876     
          15          18  0.19781474716414985     
          17          18   1.6963440698322390     
          17          19  0.94144221141527307     
          19          20   1.0120072978342010     
          20          21  0.96486721247714535     
          20          22  0.96135522484948210     
          19          23  0.95804434411088191     
          19          24  0.96398938939642864     
          24          25  0.96374961071885334     
          24          26  0.97343758218638454     
          24          27   1.0090995786703680     
          27          28   1.4103706274720886     
          28          29  0.96876383570880964     
          28          30   1.4486657052769525     
          30          31  0.97056804889587678     
          27          32  0.10961309744036554     
          30          32   1.4355416751830885     
          32          33  0.97074152934971880     
          28          34  0.11218743270169848     
          32          34   1.4424575277219900     
          34          35  0.96879737424649925     
          27          36   1.4105816639518312     
          30          36  0.10825097199586391     
          34          36   1.4329139084263631     
          36          37  0.96392983682579181     
