   -0.37457672
    0.35837279
   -0.38424444
    0.36671107
   -0.03805510
    0.07685497
    0.07677809
   -0.16716974
    0.20336425
    0.26737538
   -0.45786476
    0.02634777
    0.05327415
   -0.35880959
    0.15013478
    0.15314970
   -0.06217563
    0.03727947
    0.06143982
   -0.03425671
   -0.01113443
    0.01849568
   -0.10201444
    0.16823508
    0.04853119
   -0.05108143
    0.02666582
   -0.03543569
    0.02805739
   -0.04109088
    0.02586841
   -0.03577891
    0.02525944
   -0.01850680
