           1           2   1.1998700146053232     
           1           3  0.18133313550390190     
           2           3   1.7679593206821702     
           1           4  0.77430891784352940     
           2           5  0.92680055992272348     
           5           6  0.97424780479633677     
           5           7  0.95598808097318910     
           5           8  0.98940024607313315     
           8           9  0.91384677695169758     
           8          10   1.2987177103276806     
           8          11  0.18944599276057961     
          10          11   1.6121995452495581     
          10          12  0.94899428761380378     
          12          13  0.95115251691879732     
          12          14   1.0165056964315553     
          14          15  0.96301594970804094     
          14          16  0.95715662061125018     
          12          17  0.96793411362750215     
          17          18  0.96191634349648680     
          17          19  0.96689742321710848     
          17          20   1.0131810128525089     
          20          21   1.5807695929564536     
          21          22  0.96476298557022000     
          21          23   1.1947715586397687     
          23          24  0.94373596061365472     
          23          25   1.1816761370805746     
          25          26   1.3346475517549741     
          26          27  0.96847684440731041     
          26          28   1.4971769519324600     
          28          29  0.97204689769854069     
          28          30   1.3692968966131278     
          30          31  0.97186964122646780     
          26          32  0.11422377576590939     
          30          32   1.5067308503229384     
          32          33  0.96860918079777991     
          20          34   1.2020344375467995     
          25          34   1.2496658159022516     
          32          34   1.3303698088422669     
