   -0.36786910
    0.35859738
   -0.36795764
    0.36383711
   -0.04140247
    0.08274833
    0.07925102
   -0.16262201
    0.18740847
    0.26916387
   -0.44493915
   -0.01736529
    0.08193285
    0.07882880
   -0.17832640
    0.19549094
    0.27386452
   -0.43104670
    0.03151760
   -0.33961317
    0.14499433
    0.16310051
    0.03324951
   -0.06997244
    0.03968477
    0.04656526
    0.00382630
   -0.04047581
    0.03347571
   -0.03504508
    0.02678309
   -0.03646160
    0.04191994
   -0.02926580
    0.03906859
   -0.04113993
    0.02819371
