           1           2   1.7816770371481412     
           1           3  0.18318278879897226     
           2           3   1.1979158310385261     
           3           4  0.77940311026490883     
           2           5  0.92188984465910384     
           5           6  0.97372216552766622     
           5           7  0.95469623398439274     
           5           8  0.98516909725943813     
           8           9  0.93846537221406312     
           8          10   1.2922541696475893     
           8          11  0.18980986505979017     
          10          11   1.6190981445677270     
          10          12  0.97056139195722690     
          12          13  0.95055981106716114     
          12          14  0.93877001935337701     
          12          15   1.0085873125696501     
          15          16  0.91944225193271278     
          15          17   1.2446088972929905     
          15          18  0.19233657248247274     
          17          18   1.6924977814915210     
          17          19  0.94491192322366435     
          19          20   1.0307487758933693     
          20          21  0.96253830840540722     
          20          22  0.95415624741858251     
          19          23  0.96073762002322738     
          19          24  0.93725324692304179     
          24          25  0.96906847875802082     
          24          26  0.97419738630997676     
          24          27   1.0141859257063468     
          27          28   1.4093871588250504     
          28          29  0.96880152296874167     
          28          30   1.4452959374446646     
          30          31  0.97127482579195557     
          27          32  0.10930815318353475     
          30          32   1.4388105718633517     
          32          33  0.96981642168744542     
          28          34  0.11080293949118752     
          32          34   1.4356479290486601     
          34          35  0.97036309998160342     
          27          36   1.4080857307685222     
          30          36  0.10983416700774008     
          34          36   1.4474949716235688     
          36          37  0.96964230847137500     
