           2           7  0.19480525884778058     
           3           8  0.20435201292931301     
           4           9  0.19439080922680496     
           5          10  0.19741216000165995     
           6          11  0.19616094200820386     
           1          12  0.19539553254587377     
           1          13   1.6483183334306450     
          12          13   1.2700023368539812     
           7          14  0.96082340985055947     
          13          14  0.93687323445530668     
          14          15  0.98298417631922175     
          15          16   1.0032406544456716     
           7          17  0.97949619975069913     
          16          17   1.0057668678215672     
           2          18   1.6049371845910090     
           7          18   1.3016587685202672     
           8          19  0.97667769949465277     
          18          19  0.93322566705784415     
          19          20   1.0023109450796630     
           3          21   1.6480386283322446     
           8          21   1.3084667156470775     
           9          22  0.99070366425478595     
          21          22  0.91701680573421396     
          22          23  0.99988424892870142     
           4          24   1.6990506939345567     
           9          24   1.2401379627829485     
          10          25  0.97448428761851968     
          24          25  0.93132379011005550     
          25          26  0.99854011166606904     
           5          27   1.6121036114939606     
          10          27   1.3214102414055593     
          11          28  0.97308164947137687     
          27          28  0.92843785800500434     
          28          29   1.0078883823040206     
           6          30   1.6571029255691072     
          11          30   1.2836206344330123     
          12          31  0.96886223865762588     
          30          31  0.93154028400790656     
          31          32  0.98129397462460410     
          32          33   1.0054647082065689     
          12          34  0.97900513139707113     
          33          34   1.0027851668011794     
          14          35  0.95790013804966501     
          15          36  0.97900458902040632     
          15          37  0.97443567371197393     
          16          38  0.97857200437884173     
          16          39  0.97614938308025745     
          17          40  0.95985245583398693     
          17          41  0.96295730778458810     
           8          42  0.85643156627438932     
          19          43  0.94897176672066841     
          20          44  0.98338902022164043     
          20          45  0.97586438067087244     
          20          46  0.98547434126588696     
           9          47  0.92654539148725668     
          22          48  0.94400206795226083     
          23          49  0.98438609140496458     
          23          50  0.98553497286308955     
          23          51  0.97827057481718349     
          10          52  0.91423412610491361     
          25          53  0.95242336203612188     
          26          54  0.98396601820156482     
          26          55  0.98328718752679511     
          26          56  0.98059476148369518     
          11          57  0.90029238011204349     
          28          58  0.95022002234795200     
          29          59  0.98030207091609423     
          29          60  0.98570275140448427     
          29          61  0.98144503016635543     
          31          62  0.95455861384379226     
          32          63  0.97669507027045699     
          32          64  0.97562984019774279     
          33          65  0.97707064244812525     
          33          66  0.97720868833646457     
          34          67  0.96448067719669917     
          34          68  0.96871255669168166     
