   -0.37165098
    0.35787466
   -0.36031330
    0.32610618
   -0.03261478
    0.06842784
    0.09738859
   -0.18959043
    0.22263045
    0.27518183
   -0.42234975
   -0.02797262
    0.07897807
    0.07509698
   -0.16224527
    0.20502399
    0.27128135
   -0.46129647
    0.03567726
   -0.35634663
    0.16606779
    0.14531938
    0.03144479
   -0.06697028
    0.04869599
    0.04679137
    0.01203306
   -0.03671922
    0.03747268
   -0.03174883
    0.03068759
   -0.03393450
    0.02969593
   -0.03143595
    0.03015182
   -0.03855088
    0.03171230
