           1           2   1.7888042119570087     
           1           3  0.16260886222697213     
           2           3   1.1312138220516188     
           3           4  0.87222568317775617     
           2           5  0.94891658668839352     
           5           6  0.95404200325576261     
           5           7  0.94210641378391791     
           5           8   1.0148233488138110     
           8           9  0.88670131345828063     
           8          10   1.2449920548056697     
           8          11  0.19507289538538050     
          10          11   1.7067913900838521     
          10          12  0.93698391869386521     
          12          13  0.95846993935340974     
          12          14  0.97164855665257877     
          12          15  0.99180328860451850     
          15          16  0.91731305528904228     
          15          17   1.2932268041824067     
          15          18  0.19140566960077160     
          17          18   1.6273889483636355     
          17          19  0.94949785045633228     
          19          20   1.0172075615766791     
          20          21  0.95227088662717008     
          20          22  0.96157592351305410     
          19          23  0.95444945824202876     
          19          24  0.95513190170755613     
          24          25  0.97270057325591641     
          24          26  0.96795525659749282     
          24          27   1.0142598226237052     
          27          28   1.4130204494192222     
          28          29  0.96875170972500180     
          28          30   1.4435184898017817     
          30          31  0.97118050075134765     
          27          32  0.10985734896836503     
          30          32   1.4401531561210810     
          32          33  0.97157285160238183     
          28          34  0.11038712397721011     
          32          34   1.4360177133083354     
          34          35  0.97119116008928752     
          27          36   1.4093143425544488     
          30          36  0.11118702277493313     
          34          36   1.4480670560553446     
          36          37  0.96900256861776635     
