   -0.37481822
    0.35801343
   -0.37678764
    0.36442065
   -0.03970482
    0.07582669
    0.07813183
   -0.16361771
    0.20528715
    0.26131999
   -0.45896389
    0.02789266
    0.05582938
   -0.35541098
    0.15624061
    0.14879129
   -0.06477617
    0.06038708
    0.04050476
   -0.03312937
   -0.00860509
    0.03363805
   -0.10325700
    0.15903257
    0.04328135
   -0.05243220
    0.02416192
   -0.03612685
    0.02887271
   -0.04235637
    0.02618174
   -0.03786361
    0.02050800
   -0.02047195
