           1           2   1.2002339369735540     
           1           3  0.18282473369775745     
           2           3   1.7741174266407678     
           1           4  0.77035198834974694     
           2           5  0.92447606898163992     
           5           6  0.95248515007916312     
           5           7  0.97388456825026359     
           5           8  0.99074187589757701     
           8           9  0.91511738791381325     
           8          10   1.3086210618147642     
           8          11  0.19262722423089643     
          10          11   1.6050947840521290     
          10          12  0.95034196725644826     
          12          13  0.94353988363454677     
          12          14   1.0202249693322627     
          14          15  0.95808412298951517     
          14          16  0.96034927510276558     
          12          17  0.95756115778730266     
          17          18  0.96682075505905440     
          17          19  0.97136701081870580     
          17          20   1.0184721882212775     
          20          21   1.5789153794249613     
          21          22  0.96977115617507947     
          21          23   1.1968634893068055     
          23          24  0.94689941708333758     
          23          25   1.1784422294206061     
          25          26   1.3382623776482112     
          26          27  0.96849237989232217     
          26          28   1.4944721013763875     
          28          29  0.97202869708519002     
          28          30   1.3701636521250888     
          30          31  0.97184901061739115     
          26          32  0.11318558452141904     
          30          32   1.5054117402232570     
          32          33  0.96751625993602519     
          20          34   1.2046824239790599     
          25          34   1.2446875515198177     
          32          34   1.3296563171928575     
