   -0.38436127
    0.35606611
   -0.36899810
    0.35801093
   -0.04295805
    0.10868956
    0.07925697
   -0.16902595
    0.19282453
    0.27321137
   -0.41862137
   -0.02427744
    0.07823137
    0.05950872
   -0.15327874
    0.20527192
    0.26981488
   -0.47888822
    0.03258760
   -0.35374371
    0.14306888
    0.15172870
    0.03425968
   -0.06769285
    0.04609885
    0.04845555
    0.00347662
   -0.04197475
    0.03694519
   -0.03063849
    0.03411767
   -0.02645506
    0.04360143
   -0.02439634
    0.03772881
   -0.03543390
    0.02778891
