           1           2   1.7606442533249864     
           1           3  0.17419188564166402     
           2           3   1.1858444348896748     
           3           4  0.79544019139212774     
           2           5  0.94101513301727568     
           5           6  0.94061311332475017     
           5           7  0.94958404728092771     
           5           8   1.0020421438926099     
           8           9  0.92639381414661415     
           8          10   1.2657121026750346     
           8          11  0.20579618297582408     
          10          11   1.6970612743990818     
          10          12  0.93116133930239586     
          12          13  0.97038662725016900     
          12          14  0.96429832772031898     
          12          15  0.98974582676578438     
          15          16  0.92274747117091871     
          15          17   1.3059689483557293     
          15          18  0.18948752191985135     
          17          18   1.6071123187702021     
          17          19  0.94946763062846484     
          19          20   1.0112196311155466     
          20          21  0.96531171366604540     
          20          22  0.96061655117577571     
          19          23  0.95720305416800644     
          19          24  0.95943825568907970     
          24          25  0.96612013149888520     
          24          26  0.97315890778680592     
          24          27   1.0068166778197085     
          27          28   1.4165353695761642     
          28          29  0.96751816983083705     
          28          30   1.4415340015755220     
          30          31  0.97005126506215955     
          27          32  0.11024684883183122     
          30          32   1.4407272377702662     
          32          33  0.97045965942026213     
          28          34  0.11104047778876870     
          32          34   1.4364045147907760     
          34          35  0.97073506027327072     
          27          36   1.4121278862167912     
          30          36  0.11150582771676590     
          34          36   1.4473065319590535     
          36          37  0.96953900366813628     
