   -0.37626426
    0.35832731
   -0.38050735
    0.36563768
   -0.04021778
    0.07814603
    0.07561562
   -0.16089727
    0.20213653
    0.26722534
   -0.45950588
    0.02807043
    0.05616966
   -0.35824631
    0.14952023
    0.15086153
   -0.06475570
    0.03698533
    0.06213725
   -0.03364531
   -0.01178860
    0.02607416
   -0.10961233
    0.15783475
    0.04380890
   -0.05384076
    0.02393291
   -0.03543138
    0.03054201
   -0.04237122
    0.02985761
   -0.03955081
    0.04510148
   -0.02134980
