           1           2   1.2041831565446379     
           1           3  0.18310225376038175     
           2           3   1.7698446944840869     
           1           4  0.76321863924891953     
           2           5  0.92497918196314188     
           5           6  0.94935514159465595     
           5           7  0.97399868200605744     
           5           8  0.99055881090453901     
           8           9  0.91703232743196417     
           8          10   1.3116257636861508     
           8          11  0.18990543671178584     
          10          11   1.5973229945046488     
          10          12  0.95260988490514198     
          12          13  0.95334104531613018     
          12          14   1.0240019100112026     
          14          15  0.96306366001407606     
          14          16  0.94811837578527502     
          12          17  0.94284809736039166     
          17          18  0.97238763319466548     
          17          19  0.96778573252993394     
          17          20   1.0230050479274400     
          20          21   1.5726084427519347     
          21          22  0.96905184044401149     
          21          23   1.1914372638919080     
          23          24  0.94725346427868751     
          23          25   1.1734750380560470     
          25          26   1.3364473634074998     
          26          27  0.96851368105741775     
          26          28   1.4952343171242388     
          28          29  0.97186716697522335     
          28          30   1.3708341409667302     
          30          31  0.97151230297521929     
          26          32  0.11459734628932886     
          30          32   1.5052667773143087     
          32          33  0.96533970436523220     
          20          34   1.1996694035818134     
          25          34   1.2530231658839388     
          32          34   1.3293264066651709     
