   -0.37468757
    0.35828565
   -0.38390925
    0.36656175
   -0.03813258
    0.07693218
    0.07698384
   -0.16714008
    0.20347250
    0.26718536
   -0.45804449
    0.02631225
    0.05305243
   -0.35878656
    0.15003460
    0.15341842
   -0.06205507
    0.03722542
    0.06143872
   -0.03393201
   -0.01105820
    0.01863847
   -0.10189290
    0.16775601
    0.04837330
   -0.05112265
    0.02659349
   -0.03546002
    0.02807549
   -0.04109084
    0.02587945
   -0.03574385
    0.02527855
   -0.01844178
