           1           2   1.1999087782598545     
           1           3  0.18156813014510628     
           2           3   1.7681238704485995     
           1           4  0.77426714275367403     
           2           5  0.92691233351472901     
           5           6  0.97421918002810748     
           5           7  0.95551544150327550     
           5           8  0.98963371837588299     
           8           9  0.91337634881675522     
           8          10   1.2995799821781455     
           8          11  0.18969630367727827     
          10          11   1.6116162633017890     
          10          12  0.94862916917345463     
          12          13  0.95105586254454000     
          12          14   1.0161618456407395     
          14          15  0.96322548704100186     
          14          16  0.95741318894149896     
          12          17  0.96857232813889926     
          17          18  0.96191033242552526     
          17          19  0.96690439965264230     
          17          20   1.0133047084209461     
          20          21   1.5806953191743538     
          21          22  0.96498504339777136     
          21          23   1.1947176822700920     
          23          24  0.94391981983909767     
          23          25   1.1815881337390151     
          25          26   1.3346884009014941     
          26          27  0.96847514806720025     
          26          28   1.4971622797886366     
          28          29  0.97205459634448299     
          28          30   1.3692210029200897     
          30          31  0.97186579600497258     
          26          32  0.11420359675290404     
          30          32   1.5068801900143429     
          32          33  0.96860627010489275     
          20          34   1.2022815147068631     
          25          34   1.2495721774145572     
          32          34   1.3302028748751074     
