   -0.45568162
   -0.47404633
   -0.46418749
   -0.42519663
   -0.45159132
   -0.44885833
   -0.08678199
   -0.19067196
   -0.19082026
   -0.16429603
   -0.18449048
   -0.10272231
    0.27077426
    0.02787911
   -0.05890063
   -0.06157550
   -0.00544579
    0.26077508
    0.03098611
   -0.11460234
    0.26278637
    0.01876748
   -0.11348521
    0.27893852
    0.03190366
   -0.11344410
    0.27458364
    0.02693226
   -0.11360674
    0.27951631
    0.02118598
   -0.06394630
   -0.06282298
    0.00079914
    0.04003855
    0.04141515
    0.06229900
    0.04438877
    0.05477146
    0.05461921
    0.08235535
    0.23255772
    0.06181217
    0.04821114
    0.04653112
    0.08042817
    0.19362502
    0.05871262
    0.04857221
    0.07571147
    0.04833976
    0.21759550
    0.04988190
    0.04629222
    0.06768191
    0.05926471
    0.21758220
    0.06822894
    0.04582532
    0.06267289
    0.06847160
    0.06712560
    0.05828368
    0.05360964
    0.05063989
    0.05303591
    0.05459269
    0.04617293
