           2           7  0.19488648457943364     
           3           8  0.20417792894438380     
           4           9  0.19351711449095638     
           5          10  0.19818644719607248     
           6          11  0.19191196926876686     
           1          12  0.19465398729770550     
           1          13   1.6500606136434850     
          12          13   1.2662044761238751     
           7          14  0.96495555824817247     
          13          14  0.93652274089309173     
          14          15  0.98243840864621212     
          15          16   1.0034914950234382     
           7          17  0.97609590271442226     
          16          17   1.0046198425087733     
           2          18   1.6082576682102778     
           7          18   1.3002779402184366     
           8          19  0.97534424140140052     
          18          19  0.93197347495084126     
          19          20   1.0021775881766419     
           3          21   1.6378736392297897     
           8          21   1.3155461936945907     
           9          22  0.99209751570450511     
          21          22  0.91883259703555908     
          22          23  0.99797622703553268     
           4          24   1.6981900493536843     
           9          24   1.2387795297533590     
          10          25  0.97500461396082216     
          24          25  0.93308075586630645     
          25          26  0.99793649544655572     
           5          27   1.6107968040608993     
          10          27   1.3260944014093525     
          11          28  0.97175502485724885     
          27          28  0.92650176558710651     
          28          29   1.0089184834795757     
           6          30   1.6473655830719089     
          11          30   1.2867375066410276     
          12          31  0.96439204275181878     
          30          31  0.93785216339504507     
          31          32  0.98073070941602680     
          32          33   1.0039662689424693     
          12          34  0.98066487299310923     
          33          34   1.0033423557124037     
          14          35  0.95553530278535037     
          15          36  0.97839080353176200     
          15          37  0.97489480897085667     
          16          38  0.97967603987470919     
          16          39  0.97680031680535584     
          17          40  0.96614167284152119     
          17          41  0.95771894547863901     
           8          42  0.85626180801425733     
          19          43  0.95299638638259498     
          20          44  0.98537456231207243     
          20          45  0.98397667510205999     
          20          46  0.97602946395149492     
           9          47  0.92731914382041114     
          22          48  0.94324044986945454     
          23          49  0.98561117350014316     
          23          50  0.97861619027246605     
          23          51  0.98465418830243290     
          10          52  0.90023329659006268     
          25          53  0.95144077774909996     
          26          54  0.98437354209914429     
          26          55  0.98338012639680372     
          26          56  0.98107361119365577     
          11          57  0.89834360500989752     
          28          58  0.95302342384159910     
          29          59  0.98571252163093770     
          29          60  0.98175611221098702     
          29          61  0.97975780690006475     
          31          62  0.95522726810540326     
          32          63  0.97708959640298221     
          32          64  0.97603365933560227     
          33          65  0.97910391052760049     
          33          66  0.97679393045888396     
          34          67  0.96641101558307674     
          34          68  0.96993484398594643     
