   -0.37045485
    0.35671991
   -0.37644829
    0.36103189
   -0.03937386
    0.08254229
    0.07869193
   -0.17261309
    0.22849536
    0.26715468
   -0.45308041
   -0.02553285
    0.08226959
    0.08068974
   -0.17262964
    0.18186232
    0.26909281
   -0.44181513
    0.03504811
   -0.34126062
    0.16316605
    0.15173143
    0.03334681
   -0.06879121
    0.05021040
    0.03417664
    0.01303499
   -0.03747265
    0.02685384
   -0.02871400
    0.03267682
   -0.03115136
    0.03271172
   -0.02983297
    0.03304910
   -0.03793919
    0.03255367
