           1           2   1.7827809193622071     
           1           3  0.18041217065927087     
           2           3   1.1855445464448566     
           3           4  0.78667764657055494     
           2           5  0.92681892567672342     
           5           6  0.97276931058092952     
           5           7  0.95431886392915466     
           5           8  0.98987849094428737     
           8           9  0.88502746512288488     
           8          10   1.3239738134176304     
           8          11  0.20434308131316622     
          10          11   1.6141309995091804     
          10          12  0.94214174969925124     
          12          13  0.95893372041104619     
          12          14  0.97148896611547009     
          12          15  0.98684474005820322     
          15          16  0.93896309063024097     
          15          17   1.2645873028410985     
          15          18  0.18715072444887826     
          17          18   1.6468246797292430     
          17          19  0.95269639765606884     
          19          20   1.0344215916925499     
          20          21  0.95449268370906726     
          20          22  0.95467731084865026     
          19          23  0.95965249060608326     
          19          24  0.92985218801301295     
          24          25  0.97309380071636697     
          24          26  0.97112188763372820     
          24          27   1.0139459377063245     
          27          28   1.4059948138976981     
          28          29  0.96960618105684548     
          28          30   1.4506154739787012     
          30          31  0.97105967791705716     
          27          32  0.10845549201270170     
          30          32   1.4338779066849598     
          32          33  0.97138003257751748     
          28          34  0.11173189983273375     
          32          34   1.4425669821954967     
          34          35  0.97103053724777033     
          27          36   1.4105788178016352     
          30          36  0.10971133041844751     
          34          36   1.4401376685327139     
          36          37  0.96853023170837371     
