   -0.37344404
    0.35804324
   -0.37473657
    0.36228657
   -0.03804037
    0.08219153
    0.07299148
   -0.17073204
    0.23043411
    0.26837301
   -0.45511641
   -0.02532491
    0.08125799
    0.07571958
   -0.16635157
    0.20318055
    0.26571266
   -0.44866659
    0.03277619
   -0.35371266
    0.14454202
    0.15142544
    0.03508854
   -0.06769053
    0.04766707
    0.04817313
    0.01066419
   -0.03904926
    0.02462221
   -0.03169930
    0.03279560
   -0.03081297
    0.03649709
   -0.02616485
    0.03678267
   -0.03166556
    0.03198277
