           1           2   1.7780255566937453     
           1           3  0.18151213764644908     
           2           3   1.1936144585819679     
           3           4  0.77814639217704962     
           2           5  0.92621322949193730     
           5           6  0.97219586237680966     
           5           7  0.95138941649862829     
           5           8  0.99026449979251585     
           8           9  0.87892358514213531     
           8          10   1.3356977958587637     
           8          11  0.20580291811252613     
          10          11   1.6048275148019395     
          10          12  0.94337789061005317     
          12          13  0.97197791570303005     
          12          14  0.95295475602803070     
          12          15  0.99329549498712744     
          15          16  0.92179222133531136     
          15          17   1.2874353868884552     
          15          18  0.19521600351086243     
          17          18   1.6409046904787097     
          17          19  0.94629787055718129     
          19          20   1.0122328199922621     
          20          21  0.96480049446354843     
          20          22  0.96051727800991726     
          19          23  0.95623936825205291     
          19          24  0.96076596034498962     
          24          25  0.96517789911257701     
          24          26  0.97374559038941078     
          24          27   1.0087426999304410     
          27          28   1.4170873536558328     
          28          29  0.96912916342588096     
          28          30   1.4408422046638993     
          30          31  0.97012507498686706     
          27          32  0.10994636516853848     
          30          32   1.4412962231405149     
          32          33  0.97112159191855840     
          28          34  0.11068363628624395     
          32          34   1.4359675999536101     
          34          35  0.97082529271935880     
          27          36   1.4109936129054930     
          30          36  0.11186671930961253     
          34          36   1.4486207548060792     
          36          37  0.96920280461843777     
