           2           7  0.19525139221047941     
           3           8  0.20338963918284003     
           4           9  0.19338082064810302     
           5          10  0.19862188821246221     
           6          11  0.19325121857555888     
           1          12  0.19511597626542632     
           1          13   1.6572955185419520     
          12          13   1.2621903965617824     
           7          14  0.96858963689409427     
          13          14  0.93315323397635086     
          14          15  0.98067119606958064     
          15          16   1.0045353820870413     
           7          17  0.97704605783499465     
          16          17   1.0041721770894159     
           2          18   1.6118796379689093     
           7          18   1.2996884383823173     
           8          19  0.97598898186053629     
          18          19  0.93095299049538094     
          19          20   1.0006848818990568     
           3          21   1.6244702289548776     
           8          21   1.3236135788306205     
           9          22  0.99196867923827969     
          21          22  0.92132718347030362     
          22          23  0.99706759484195639     
           4          24   1.6994473596008333     
           9          24   1.2385274353222873     
          10          25  0.97530154769528454     
          24          25  0.93240526673249891     
          25          26  0.99822058418263659     
           5          27   1.6126715182236968     
          10          27   1.3255068414680320     
          11          28  0.97161348360454658     
          27          28  0.92596976236397133     
          28          29   1.0090858503913485     
           6          30   1.6439864294297204     
          11          30   1.2905373433422427     
          12          31  0.96553959098393993     
          30          31  0.93810811088546320     
          31          32  0.98000875585632130     
          32          33   1.0039094314222403     
          12          34  0.98117603896987782     
          33          34   1.0033056916057572     
          14          35  0.95723659266521055     
          15          36  0.97816986186017663     
          15          37  0.97752975128939590     
          16          38  0.97653700887534600     
          16          39  0.97674939205898803     
          17          40  0.96556595625146813     
          17          41  0.94725804099338207     
           8          42  0.85574870969637218     
          19          43  0.95612895339445347     
          20          44  0.98534275672470228     
          20          45  0.98394318997832853     
          20          46  0.97678882986231919     
           9          47  0.92715488627145448     
          22          48  0.94393351627673872     
          23          49  0.98535281373841888     
          23          50  0.97872364860164596     
          23          51  0.98471049300573044     
          10          52  0.89962365185853299     
          25          53  0.95222984186027071     
          26          54  0.98435161365185708     
          26          55  0.98335103494550913     
          26          56  0.98083740007297004     
          11          57  0.90103969312364063     
          28          58  0.95242156094772279     
          29          59  0.98160775452913740     
          29          60  0.97925489183785153     
          29          61  0.98577420557227580     
          31          62  0.95473080613671923     
          32          63  0.97706227719691841     
          32          64  0.97641182509974966     
          33          65  0.97895567375700598     
          33          66  0.97674617291343302     
          34          67  0.96573843060068976     
          34          68  0.97117089092630726     
