   -0.38124461
    0.35853712
   -0.37511950
    0.36371605
   -0.03860812
    0.07973965
    0.07735243
   -0.16572486
    0.18686695
    0.27429715
   -0.45055030
    0.02972872
    0.03987374
   -0.34071644
    0.14437095
    0.16614362
   -0.06788294
    0.04320979
    0.03612341
   -0.04418612
   -0.00455523
    0.03060560
   -0.10015842
    0.16291787
    0.04873856
   -0.04419392
    0.03072056
   -0.02698996
    0.03653070
   -0.03706112
    0.02823079
   -0.04347353
    0.01061196
   -0.02785056
