           1           2   1.1928848032040980     
           1           3  0.18063675345565355     
           2           3   1.7776820126567119     
           1           4  0.76928623171334232     
           2           5  0.92604309165681764     
           5           6  0.95266209908636845     
           5           7  0.97419572286595457     
           5           8  0.98888379029586992     
           8           9  0.93494163535902697     
           8          10   1.2893455711308828     
           8          11  0.18437623570281289     
          10          11   1.6137007076494165     
          10          12  0.95269869253747741     
          12          13  0.95241816518686506     
          12          14   1.0368586538502218     
          14          15  0.96118546688870754     
          14          16  0.94920009788098558     
          12          17  0.93785225987149878     
          17          18  0.96570440005070313     
          17          19  0.97468022609938676     
          17          20   1.0166561753310577     
          20          21   1.5731957675886397     
          21          22  0.96963276716350810     
          21          23   1.2024216026757664     
          23          24  0.94576690111691497     
          23          25   1.1778841929504800     
          25          26   1.3359287180840242     
          26          27  0.96814690654236335     
          26          28   1.4988237064216094     
          28          29  0.97145631107066144     
          28          30   1.3675349643903119     
          30          31  0.97170446363556096     
          26          32  0.11411213290479071     
          30          32   1.5086554536879568     
          32          33  0.96651836977237537     
          20          34   1.2027846832741562     
          25          34   1.2504738566385971     
          32          34   1.3256455764593298     
