   -0.36420921
    0.35448361
   -0.35838018
    0.33221536
   -0.04096927
    0.07732873
    0.10590875
   -0.20275806
    0.21605347
    0.26871559
   -0.41603080
   -0.02931941
    0.07878349
    0.07857565
   -0.16933555
    0.20227356
    0.26254516
   -0.45558555
    0.02828282
   -0.35608088
    0.15131309
    0.15224413
    0.05338359
   -0.07012418
    0.06057130
    0.03749733
    0.00899857
   -0.04019716
    0.04580179
   -0.03430248
    0.04373136
   -0.03298124
    0.03441492
   -0.03287456
    0.02954637
   -0.04293162
    0.02341151
