           1           2   1.7900581476792305     
           1           3  0.16927081341343705     
           2           3   1.1461797488211862     
           3           4  0.85418182006110466     
           2           5  0.95225827126059059     
           5           6  0.94901083376282924     
           5           7  0.93757052750586645     
           5           8  0.99953554114851551     
           8           9  0.89083669516206010     
           8          10   1.2480429317188027     
           8          11  0.20084191360353215     
          10          11   1.7092401086574471     
          10          12  0.93411870674783659     
          12          13  0.97107853260265742     
          12          14  0.95585332712977533     
          12          15  0.99340078954581890     
          15          16  0.91675319221813822     
          15          17   1.2920054862082997     
          15          18  0.19388810895882108     
          17          18   1.6302154448910988     
          17          19  0.94655165166708721     
          19          20   1.0211317588365239     
          20          21  0.96151597866796257     
          20          22  0.95413097422091786     
          19          23  0.94481098463030277     
          19          24  0.95744518989267413     
          24          25  0.96938463506438377     
          24          26  0.97074578134040224     
          24          27   1.0153097021332822     
          27          28   1.4090484262932237     
          28          29  0.96641595954318515     
          28          30   1.4461925215566600     
          30          31  0.96855855498194521     
          27          32  0.10872724747956070     
          30          32   1.4330678688352634     
          32          33  0.97119005676605064     
          28          34  0.11167742425467342     
          32          34   1.4422206247052303     
          34          35  0.97125384032871187     
          27          36   1.4107882873715236     
          30          36  0.10955224355759086     
          34          36   1.4397458062149158     
          36          37  0.96789418111470327     
