   -0.37274181
    0.35682584
   -0.37641213
    0.36174168
   -0.03932324
    0.07715048
    0.08190975
   -0.17373836
    0.23016714
    0.26783376
   -0.45429602
   -0.02579408
    0.08065009
    0.07728260
   -0.16818070
    0.20629275
    0.26147826
   -0.45549660
    0.03350393
   -0.35558758
    0.14197989
    0.15754442
    0.03579045
   -0.06652877
    0.04907969
    0.05802579
    0.01274036
   -0.04033376
    0.03319168
   -0.03058061
    0.03238094
   -0.03159364
    0.03249284
   -0.02896713
    0.03366048
   -0.03738624
    0.03523787
