           1           2   1.7803971897804607     
           1           3  0.18064645752353228     
           2           3   1.1880855323887685     
           3           4  0.78351257515059602     
           2           5  0.92701947090287895     
           5           6  0.95383831369848449     
           5           7  0.97299112782925024     
           5           8  0.99046074825954789     
           8           9  0.87994540740121918     
           8          10   1.3275625312715251     
           8          11  0.20448977382942116     
          10          11   1.6113796975604253     
          10          12  0.94122267016917249     
          12          13  0.97159684849987815     
          12          14  0.95744876665112688     
          12          15  0.99214628571612395     
          15          16  0.91498703851826269     
          15          17   1.2901957882921511     
          15          18  0.19233455281612200     
          17          18   1.6287289552017850     
          17          19  0.94870324555150087     
          19          20   1.0160766209910217     
          20          21  0.96605329006071694     
          20          22  0.95189275799711548     
          19          23  0.95299924679592807     
          19          24  0.95475321185178907     
          24          25  0.97356388341822142     
          24          26  0.96718032094957129     
          24          27   1.0094741514997994     
          27          28   1.4133479648721952     
          28          29  0.96815737170482363     
          28          30   1.4392598823942864     
          30          31  0.97105519190576950     
          27          32  0.10915445088808048     
          30          32   1.4428971290581312     
          32          33  0.97137283348995995     
          28          34  0.10985029566950452     
          32          34   1.4341805375761483     
          34          35  0.97098453269318807     
          27          36   1.4076096715884086     
          30          36  0.11202785051489515     
          34          36   1.4502620751136313     
          36          37  0.96893780458480350     
