           2           7  0.19488648458340857     
           3           8  0.20417792893677317     
           4           9  0.19351711446720476     
           5          10  0.19818644722700038     
           6          11  0.19191196927877574     
           1          12  0.19465398729458414     
           1          13   1.6500606136939484     
          12          13   1.2662044761450701     
           7          14  0.96495555824141654     
          13          14  0.93652274082118414     
          14          15  0.98243840868066745     
          15          16   1.0034914950236689     
           7          17  0.97609590270928726     
          16          17   1.0046198425073039     
           2          18   1.6082576682550060     
           7          18   1.3002779402199915     
           8          19  0.97534424142197507     
          18          19  0.93197347488497095     
          19          20   1.0021775881841590     
           3          21   1.6378736392067397     
           8          21   1.3155461936622916     
           9          22  0.99209751572061999     
          21          22  0.91883259706316844     
          22          23  0.99797622705382716     
           4          24   1.6981900494541375     
           9          24   1.2387795296785837     
          10          25  0.97500461396917870     
          24          25  0.93308075583160022     
          25          26  0.99793649545745655     
           5          27   1.6107968040494041     
          10          27   1.3260944015361806     
          11          28  0.97175502488179355     
          27          28  0.92650176552802777     
          28          29   1.0089184834772738     
           6          30   1.6473655829975762     
          11          30   1.2867375067055629     
          12          31  0.96439204274784229     
          30          31  0.93785216338729260     
          31          32  0.98073070941797591     
          32          33   1.0039662689493127     
          12          34  0.98066487298824812     
          33          34   1.0033423557211603     
          14          35  0.95553530278434329     
          15          36  0.97839080353223085     
          15          37  0.97489480896904268     
          16          38  0.97967603987516827     
          16          39  0.97680031680582635     
          17          40  0.96614167284332120     
          17          41  0.95771894543530545     
           8          42  0.85626180811171693     
          19          43  0.95299638638307982     
          20          44  0.98537456231251153     
          20          45  0.98397667510153441     
          20          46  0.97602946394476597     
           9          47  0.92731914382150737     
          22          48  0.94324044980804933     
          23          49  0.98561117350546534     
          23          50  0.97861619025194402     
          23          51  0.98465418828923212     
          10          52  0.90023329645598849     
          25          53  0.95144077770559687     
          26          54  0.98437354208079231     
          26          55  0.98338012637967342     
          26          56  0.98107361124626957     
          11          57  0.89834360505960165     
          28          58  0.95302342384500571     
          29          59  0.98571252163924594     
          29          60  0.98175611220958647     
          29          61  0.97975780690899050     
          31          62  0.95522726811033243     
          32          63  0.97708959639992266     
          32          64  0.97603365932221786     
          33          65  0.97910391051771228     
          33          66  0.97679393045647100     
          34          67  0.96641101557911613     
          34          68  0.96993484398313412     
