   -0.38453624
    0.35604175
   -0.36897059
    0.35827021
   -0.04308074
    0.10860277
    0.07928556
   -0.16890433
    0.19251732
    0.27322653
   -0.41869871
   -0.02412732
    0.07812092
    0.05948518
   -0.15328502
    0.20535133
    0.26978502
   -0.47891290
    0.03259450
   -0.35382456
    0.14307920
    0.15176661
    0.03426912
   -0.06759228
    0.04609920
    0.04853539
    0.00346074
   -0.04188913
    0.03722749
   -0.03079580
    0.03398755
   -0.02664512
    0.04359137
   -0.02436848
    0.03791035
   -0.03541243
    0.02783557
