           1           2   1.7603763400825327     
           1           3  0.17420599502621309     
           2           3   1.1863269999475465     
           3           4  0.79495690875613090     
           2           5  0.94085373541546458     
           5           6  0.94051679451169923     
           5           7  0.94974092931441245     
           5           8   1.0019398296593307     
           8           9  0.92671053807747394     
           8          10   1.2655363032707294     
           8          11  0.20567804631475928     
          10          11   1.6970603705667699     
          10          12  0.93122408799634682     
          12          13  0.97028579103389934     
          12          14  0.96435947595648286     
          12          15  0.98979285493850544     
          15          16  0.92258904635079109     
          15          17   1.3057938057168696     
          15          18  0.18945376350488502     
          17          18   1.6070576933941825     
          17          19  0.94965274476196926     
          19          20   1.0111944270817517     
          20          21  0.96534079036235543     
          20          22  0.96061736873034820     
          19          23  0.95709963455267144     
          19          24  0.95954764266497428     
          24          25  0.96583566033830504     
          24          26  0.97324166336780138     
          24          27   1.0067789521498614     
          27          28   1.4168609783974948     
          28          29  0.96752433645156288     
          28          30   1.4411895980092992     
          30          31  0.97005470886479850     
          27          32  0.11023438386663412     
          30          32   1.4410653193041256     
          32          33  0.97045415947215496     
          28          34  0.11106026871746093     
          32          34   1.4360417124189966     
          34          35  0.97073425353661091     
          27          36   1.4118529525808974     
          30          36  0.11149660177058780     
          34          36   1.4476134048641736     
          36          37  0.96950979039681340     
