   -0.37312278
    0.35750801
   -0.37376762
    0.36326024
   -0.03717633
    0.07719611
    0.07618461
   -0.17210981
    0.18061536
    0.25604957
   -0.45613096
    0.03343104
    0.04227135
   -0.33095242
    0.14339786
    0.15989833
   -0.05953360
    0.03723504
    0.05026393
   -0.02562122
   -0.00121396
    0.03969141
   -0.09922762
    0.15995605
    0.04502079
   -0.05174498
    0.02454446
   -0.03653932
    0.02868623
   -0.04185111
    0.02572539
   -0.03705871
    0.01472818
   -0.01961355
