           1           2   1.1963970780618172     
           1           3  0.18262192344050146     
           2           3   1.7774579623450586     
           1           4  0.77662866195705216     
           2           5  0.92530684753632397     
           5           6  0.95404036888126176     
           5           7  0.97439803062192765     
           5           8  0.98615452400232073     
           8           9  0.93954786545021551     
           8          10   1.2792814775995780     
           8          11  0.18574658407462258     
          10          11   1.6169433094175252     
          10          12  0.94282482862643269     
          12          13  0.95667398018155192     
          12          14   1.0334373652349669     
          14          15  0.96423965318550953     
          14          16  0.95623736379540636     
          12          17  0.94763667981318489     
          17          18  0.96975652348292940     
          17          19  0.97267915836699947     
          17          20   1.0158086064625460     
          20          21   1.5800790909532934     
          21          22  0.96921367552952642     
          21          23   1.2004350139765219     
          23          24  0.94669665448950546     
          23          25   1.1778001407124610     
          25          26   1.3399977801131480     
          26          27  0.96849151003147893     
          26          28   1.4926186657017175     
          28          29  0.97208414971325718     
          28          30   1.3717106041312557     
          30          31  0.97189630958773710     
          26          32  0.11260001671821455     
          30          32   1.5036447269600024     
          32          33  0.96915976187653508     
          20          34   1.2045648088665262     
          25          34   1.2446964654600523     
          32          34   1.3321380418852444     
