           2           7  0.19528689430237905     
           3           8  0.20298944172173622     
           4           9  0.19367902732384498     
           5          10  0.19773355677461418     
           6          11  0.19455955930263899     
           1          12  0.19338395635100181     
           1          13   1.6571996212439553     
          12          13   1.2590893813731439     
           7          14  0.96467726803480824     
          13          14  0.93517686157776447     
          14          15  0.98104575644626024     
          15          16   1.0048286511949198     
           7          17  0.97565979541041770     
          16          17   1.0037484423867242     
           2          18   1.6011200881901100     
           7          18   1.3077997446994101     
           8          19  0.97574232034708697     
          18          19  0.93149688418094978     
          19          20   1.0003260429534413     
           3          21   1.6280429941814196     
           8          21   1.3203629499567029     
           9          22  0.99167857795318215     
          21          22  0.92161360479127530     
          22          23  0.99680751342608098     
           4          24   1.6995094227450698     
           9          24   1.2391500771575308     
          10          25  0.97427266700360626     
          24          25  0.93199474382430270     
          25          26  0.99871798108325449     
           5          27   1.6169829400107028     
          10          27   1.3184517482550979     
          11          28  0.97113121730226659     
          27          28  0.92652784290045587     
          28          29   1.0088986328811937     
           6          30   1.6454909234581128     
          11          30   1.2924100465178667     
          12          31  0.97092021669289508     
          30          31  0.93263845534790779     
          31          32  0.98049973355131892     
          32          33   1.0056882664935305     
          12          34  0.98009109657272209     
          33          34   1.0027941537464466     
          14          35  0.95760913338587983     
          15          36  0.97815756488306682     
          15          37  0.97705690199280648     
          16          38  0.97638026876066675     
          16          39  0.97575734161210170     
          17          40  0.96585303266010936     
          17          41  0.94709795862015222     
           8          42  0.85835198031369631     
          19          43  0.95638254057873218     
          20          44  0.97686643980874588     
          20          45  0.98513113634551697     
          20          46  0.98401262227622177     
           9          47  0.92700481182564043     
          22          48  0.94369629456983417     
          23          49  0.97871847473354046     
          23          50  0.98472572054532725     
          23          51  0.98530105607433272     
          10          52  0.90749680780631370     
          25          53  0.95253850387541061     
          26          54  0.98096317448639814     
          26          55  0.98407442686599089     
          26          56  0.98324781069779876     
          11          57  0.89521669420875438     
          28          58  0.95253827856302420     
          29          59  0.97944745395683330     
          29          60  0.98570801429320676     
          29          61  0.98166326757122579     
          31          62  0.95311743790697911     
          32          63  0.97645182266137520     
          32          64  0.97536160094698121     
          33          65  0.97725824819120399     
          33          66  0.97774098015898592     
          34          67  0.96598561514642522     
          34          68  0.96925904888534242     
