   -0.37127084
    0.35708615
   -0.37671017
    0.36161609
   -0.03935959
    0.08308496
    0.07695169
   -0.17186184
    0.23022468
    0.26724631
   -0.45417658
   -0.02138896
    0.07709083
    0.07624717
   -0.17375154
    0.17972587
    0.25884919
   -0.45111090
    0.02873869
   -0.34028743
    0.14428525
    0.14464055
    0.06720276
   -0.07106166
    0.05666250
    0.06440385
    0.00791572
   -0.04259109
    0.03788639
   -0.03222015
    0.03310269
   -0.03318640
    0.03320016
   -0.03159192
    0.03242873
   -0.04048415
    0.03246300
