           1           2   1.7813763806616039     
           1           3  0.18093866449782003     
           2           3   1.1887221621294373     
           3           4  0.78185358436954566     
           2           5  0.92640265092694607     
           5           6  0.97295275022249972     
           5           7  0.95315769303492826     
           5           8  0.99023943584058716     
           8           9  0.88140905176647055     
           8          10   1.3303233508031680     
           8          11  0.20559193926751246     
          10          11   1.6097126940656354     
          10          12  0.94282562628601829     
          12          13  0.95685531154237780     
          12          14  0.97233023952515740     
          12          15  0.98911220939228217     
          15          16  0.93212850861415186     
          15          17   1.2661282917616656     
          15          18  0.18737917407134477     
          17          18   1.6422119864808129     
          17          19  0.94008497252026335     
          19          20   1.0274025794138102     
          20          21  0.95314000902204421     
          20          22  0.96391102739292844     
          19          23  0.95342394437539746     
          19          24  0.95064874531621324     
          24          25  0.97034542444470118     
          24          26  0.96747764211298837     
          24          27   1.0153883442117164     
          27          28   1.4121446975299847     
          28          29  0.96738635574342735     
          28          30   1.4410984183603199     
          30          31  0.97101126499681978     
          27          32  0.10956291745616219     
          30          32   1.4413316366977225     
          32          33  0.97132405019776658     
          28          34  0.10980480678874124     
          32          34   1.4350561658704464     
          34          35  0.97102165131933971     
          27          36   1.4074657488362008     
          30          36  0.11146614899316673     
          34          36   1.4489283777758759     
          36          37  0.96853187237370675     
