   -0.37238913
    0.35813244
   -0.37372182
    0.36230237
   -0.03807295
    0.08161048
    0.07197405
   -0.17265072
    0.22889914
    0.26778243
   -0.45175759
   -0.02567441
    0.08129737
    0.07880427
   -0.16773159
    0.20403438
    0.26472547
   -0.45199741
    0.03159177
   -0.35452300
    0.14374766
    0.15245320
    0.03694898
   -0.06746983
    0.05431256
    0.04233235
    0.00845565
   -0.03901925
    0.02668712
   -0.02991893
    0.03183396
   -0.03128750
    0.03277825
   -0.02837810
    0.03579840
   -0.04066940
    0.04875930
