           1           2   1.7788609389483634     
           1           3  0.18182752749380754     
           2           3   1.1945488480186488     
           3           4  0.77850427258189603     
           2           5  0.92499373092034776     
           5           6  0.97348644650555916     
           5           7  0.95270499718214330     
           5           8  0.99039196901801885     
           8           9  0.88296141929766137     
           8          10   1.3290119156670641     
           8          11  0.20531390371858374     
          10          11   1.6110967193999675     
          10          12  0.94266286943411470     
          12          13  0.97158380704742742     
          12          14  0.95370911282146598     
          12          15  0.99329212862633542     
          15          16  0.92049538132161102     
          15          17   1.2887334734848330     
          15          18  0.19328322118524560     
          17          18   1.6323905277924395     
          17          19  0.94978705633444416     
          19          20   1.0130773787758818     
          20          21  0.96449024584557619     
          20          22  0.95904283114093847     
          19          23  0.95660135149023717     
          19          24  0.95838067146146177     
          24          25  0.96822283953886024     
          24          26  0.96484463221923067     
          24          27   1.0102896074016883     
          27          28   1.4184983140810807     
          28          29  0.96879726306726377     
          28          30   1.4399628679612098     
          30          31  0.97110680559652196     
          27          32  0.10977005688122976     
          30          32   1.4425231720586420     
          32          33  0.97132821403320824     
          28          34  0.11041476970036615     
          32          34   1.4354962438523835     
          34          35  0.97086932995534370     
          27          36   1.4092770376137072     
          30          36  0.11264525545483065     
          34          36   1.4492273012838124     
          36          37  0.96514814741038635     
