   -0.37665204
    0.35788846
   -0.37240081
    0.36477788
   -0.04167908
    0.08002773
    0.08157945
   -0.16081582
    0.19393815
    0.26808776
   -0.45013813
   -0.02801492
    0.07709211
    0.10714531
   -0.18455501
    0.19747651
    0.26538837
   -0.43350180
    0.03191846
   -0.35055970
    0.14136165
    0.15071598
    0.03177095
   -0.06600418
    0.05335075
    0.04882968
    0.00557559
   -0.04557326
    0.03175247
   -0.03568882
    0.03187161
   -0.03539435
    0.05678521
   -0.03165858
    0.03686364
   -0.04421363
    0.04265237
