           1           2   1.7707097909880607     
           1           3  0.18236294957092614     
           2           3   1.2012120634394510     
           3           4  0.77364218558165654     
           2           5  0.92667162379388490     
           5           6  0.95194884928672052     
           5           7  0.96990332542769142     
           5           8  0.98809218921967379     
           8           9  0.92250395418021525     
           8          10   1.3043798717985498     
           8          11  0.19399773457218611     
          10          11   1.6110377201223696     
          10          12  0.96041662911750669     
          12          13  0.95880645981674317     
          12          14  0.93489592440133373     
          12          15   1.0034354082036796     
          15          16  0.92005889622472670     
          15          17   1.2469986536322955     
          15          18  0.19644449009090947     
          17          18   1.6920282557415478     
          17          19  0.94328037977953871     
          19          20   1.0143246693482733     
          20          21  0.96494152211554962     
          20          22  0.95882886241703402     
          19          23  0.95304978962200637     
          19          24  0.96336064890672612     
          24          25  0.97355893025373152     
          24          26  0.96073137526425834     
          24          27   1.0115133301047772     
          27          28   1.4122025220896490     
          28          29  0.96854436294892388     
          28          30   1.4373381774530789     
          30          31  0.96967022012622284     
          27          32  0.11098524646277123     
          30          32   1.4374866496799927     
          32          33  0.96741461868370937     
          28          34  0.11014663993053800     
          32          34   1.4358944327985119     
          34          35  0.97072780484073840     
          27          36   1.4093013716144560     
          30          36  0.11140650405202061     
          34          36   1.4481773397261430     
          36          37  0.96637511494050377     
