   -0.38402916
    0.35635136
   -0.36342958
    0.36055904
   -0.04330639
    0.07379047
    0.11080543
   -0.16939067
    0.17554106
    0.27938009
   -0.41626525
   -0.02321371
    0.06978248
    0.07944006
   -0.18446025
    0.20282553
    0.26679655
   -0.45568745
    0.02632317
   -0.35807510
    0.15199444
    0.15405041
    0.05845584
   -0.07162845
    0.06349845
    0.04135147
    0.00762488
   -0.04684936
    0.05161192
   -0.03335150
    0.03921466
   -0.03282763
    0.03359356
   -0.03293312
    0.03050759
   -0.04330752
    0.02525665
