           1           2   1.7640027496069512     
           1           3  0.17454561295343154     
           2           3   1.1830248647699380     
           3           4  0.80547319820494645     
           2           5  0.93954179436881169     
           5           6  0.96011059885380867     
           5           7  0.93621641957149992     
           5           8   1.0012792021298891     
           8           9  0.93410082063464928     
           8          10   1.2452345071445887     
           8          11  0.19880613008082110     
          10          11   1.7016388209413260     
          10          12  0.94845647120946419     
          12          13  0.95532774936202636     
          12          14  0.95656589958604632     
          12          15  0.99302254958493330     
          15          16  0.90868975520348427     
          15          17   1.2789063666286797     
          15          18  0.19120508679880990     
          17          18   1.6421767807808358     
          17          19  0.94395778424074384     
          19          20   1.0235107534041756     
          20          21  0.96119554877902835     
          20          22  0.94890774064341810     
          19          23  0.94752736724850917     
          19          24  0.95071625485435729     
          24          25  0.96948934401989662     
          24          26  0.97027247274428652     
          24          27   1.0164467047133627     
          27          28   1.4054197009294382     
          28          29  0.96274402437662387     
          28          30   1.4476381410958350     
          30          31  0.96977643282660986     
          27          32  0.10878329893662639     
          30          32   1.4333877005223548     
          32          33  0.97122557175527036     
          28          34  0.11165249805452089     
          32          34   1.4431167543675005     
          34          35  0.97121937177673390     
          27          36   1.4106762543975566     
          30          36  0.10919735578057940     
          34          36   1.4377968743680933     
          36          37  0.96638084725003648     
