   -0.37288345
    0.35815640
   -0.37391224
    0.36246204
   -0.03858178
    0.08156588
    0.07152942
   -0.17241629
    0.23056101
    0.26763320
   -0.45286793
   -0.02613063
    0.08231681
    0.07908155
   -0.16840258
    0.20487274
    0.26058014
   -0.45098073
    0.02799320
   -0.35429667
    0.15443697
    0.14768571
    0.05687114
   -0.07049919
    0.03642516
    0.06570721
    0.00972568
   -0.03963178
    0.02490804
   -0.03104173
    0.03102374
   -0.03197768
    0.03211115
   -0.02904136
    0.03306609
   -0.03897388
    0.03292460
