           1           2   1.7783070834642711     
           1           3  0.18186982328976387     
           2           3   1.1951185061208975     
           3           4  0.77754886678286961     
           2           5  0.92505212541666881     
           5           6  0.97360354929199278     
           5           7  0.95258728230651168     
           5           8  0.99062327588060017     
           8           9  0.88095922590612463     
           8          10   1.3310491758335894     
           8          11  0.20537692437646549     
          10          11   1.6089133450047455     
          10          12  0.94310610651282056     
          12          13  0.97127531348216989     
          12          14  0.95345482604637144     
          12          15  0.99261964620112020     
          15          16  0.91490920576898926     
          15          17   1.2925878027351978     
          15          18  0.19397800516927277     
          17          18   1.6345848240795069     
          17          19  0.94391599478842880     
          19          20   1.0194898617447183     
          20          21  0.95914435744312043     
          20          22  0.96208466675101245     
          19          23  0.94387012045095431     
          19          24  0.96001602393645313     
          24          25  0.97324210507596232     
          24          26  0.96403836387898667     
          24          27   1.0138444882455537     
          27          28   1.4151008728955430     
          28          29  0.96921051326276286     
          28          30   1.4398921687756876     
          30          31  0.97121120393298521     
          27          32  0.10911690919695917     
          30          32   1.4430235811445664     
          32          33  0.97142639047386836     
          28          34  0.10978274177969398     
          32          34   1.4335844263980164     
          34          35  0.97101397699503655     
          27          36   1.4059183420342862     
          30          36  0.11207574906401623     
          34          36   1.4513671829766674     
          36          37  0.96921723399126369     
