   -0.37228663
    0.35709239
   -0.37518987
    0.36184432
   -0.03919902
    0.07692416
    0.08232202
   -0.17237020
    0.22900310
    0.26803518
   -0.45261488
   -0.02176675
    0.07775971
    0.07670797
   -0.17633822
    0.18099016
    0.25829009
   -0.44942165
    0.03536421
   -0.33386206
    0.16145438
    0.14733365
    0.03670590
   -0.07272116
    0.06738619
    0.05254755
    0.00505940
   -0.04311684
    0.03378868
   -0.03136852
    0.03506378
   -0.03316861
    0.03481775
   -0.03124246
    0.03426923
   -0.03962388
    0.03153092
