           1           2   1.7801405894099551     
           1           3  0.18104791462528025     
           2           3   1.1898978050811306     
           3           4  0.78293406340868210     
           2           5  0.92626973943345758     
           5           6  0.95360228529761426     
           5           7  0.97303798858682022     
           5           8  0.99028445727710013     
           8           9  0.88195558467074786     
           8          10   1.3276527168987182     
           8          11  0.20520456149804356     
          10          11   1.6123655623949120     
          10          12  0.94279092701002920     
          12          13  0.97221147764543703     
          12          14  0.95757955526926541     
          12          15  0.98664649296058538     
          15          16  0.93684655851997656     
          15          17   1.2683991280097073     
          15          18  0.18725878424554973     
          17          18   1.6418960135282310     
          17          19  0.93941098519130251     
          19          20   1.0316815392353134     
          20          21  0.95584221042463946     
          20          22  0.96247781303969360     
          19          23  0.95843422903039888     
          19          24  0.94926648400021474     
          24          25  0.96326208694756255     
          24          26  0.97312367880873407     
          24          27   1.0150768657074500     
          27          28   1.4069968320027271     
          28          29  0.96916864972509698     
          28          30   1.4481897056237523     
          30          31  0.97087224727816901     
          27          32  0.10976993973152581     
          30          32   1.4359422471977132     
          32          33  0.97125627888382160     
          28          34  0.11101568892258790     
          32          34   1.4398943051725186     
          34          35  0.97091779452633831     
          27          36   1.4119089240973488     
          30          36  0.11047792417996834     
          34          36   1.4440125791629070     
          36          37  0.96897154884365366     
