   -0.37302643
    0.35711647
   -0.37562226
    0.36191521
   -0.03957749
    0.08213085
    0.07683510
   -0.17277485
    0.22979841
    0.26747799
   -0.45324143
   -0.02600906
    0.07768126
    0.08111005
   -0.16827530
    0.20531315
    0.26126840
   -0.45266076
    0.02854806
   -0.35419695
    0.14761889
    0.15425714
    0.05783555
   -0.06980962
    0.03731726
    0.06552686
    0.00974416
   -0.03870267
    0.03430585
   -0.02883310
    0.03376207
   -0.03205824
    0.03170979
   -0.03127370
    0.03021796
   -0.03970466
    0.02427604
