           1           2   1.7794325277415155     
           1           3  0.18096520932774357     
           2           3   1.1900748335837885     
           3           4  0.78211093488654371     
           2           5  0.92663264624106612     
           5           6  0.97298910641027991     
           5           7  0.95335408135672384     
           5           8  0.99052372817738632     
           8           9  0.88101573498918206     
           8          10   1.3286089392597413     
           8          11  0.20493138043507636     
          10          11   1.6116308769696623     
          10          12  0.94096615568906761     
          12          13  0.95714061026909003     
          12          14  0.97138176630981699     
          12          15  0.99211033567288620     
          15          16  0.91576189349944581     
          15          17   1.2907419566304681     
          15          18  0.19232576407371271     
          17          18   1.6326973445913637     
          17          19  0.94586463360812223     
          19          20   1.0200621305009450     
          20          21  0.96224531437754346     
          20          22  0.95943732169484175     
          19          23  0.94335533356257129     
          19          24  0.95875460030485005     
          24          25  0.97342538362912201     
          24          26  0.96384638989927929     
          24          27   1.0137574799002329     
          27          28   1.4058239450279735     
          28          29  0.96911395543387246     
          28          30   1.4514582335534558     
          30          31  0.97095951485992193     
          27          32  0.10911401755126596     
          30          32   1.4336128339064074     
          32          33  0.97143806996190418     
          28          34  0.11216973993800258     
          32          34   1.4429839840087459     
          34          35  0.97125671501700261     
          27          36   1.4152653239552377     
          30          36  0.10970804613729682     
          34          36   1.4398534979396398     
          36          37  0.96923115761683831     
