   -0.37165143
    0.35791078
   -0.37400393
    0.36214464
   -0.03638247
    0.08086296
    0.07162771
   -0.17139268
    0.22922364
    0.26707913
   -0.45334590
   -0.02318113
    0.07667612
    0.08043823
   -0.17591732
    0.18035488
    0.25831558
   -0.44695544
    0.02717434
   -0.33901199
    0.14383293
    0.14375927
    0.06712233
   -0.07284861
    0.05229628
    0.06649073
    0.00512138
   -0.04225005
    0.02625607
   -0.02684429
    0.03598742
   -0.03051355
    0.03822341
   -0.03259130
    0.03363101
   -0.04490489
    0.03726615
