           1           2   1.7795435070749706     
           1           3  0.18186742194031036     
           2           3   1.1943293105095019     
           3           4  0.77804273256616940     
           2           5  0.92469086376435006     
           5           6  0.97378196011857332     
           5           7  0.95088434025902702     
           5           8  0.99007204791028824     
           8           9  0.88428895703678345     
           8          10   1.3296609728071731     
           8          11  0.20486567938432892     
          10          11   1.6089123057485777     
          10          12  0.94274440046856400     
          12          13  0.97164973081712747     
          12          14  0.95621771703799452     
          12          15  0.99136819221298333     
          15          16  0.92999342037111454     
          15          17   1.2598263092974367     
          15          18  0.18701457623476922     
          17          18   1.6514170409806341     
          17          19  0.93918013026751990     
          19          20   1.0245957746783745     
          20          21  0.96443003972672336     
          20          22  0.95402544777567744     
          19          23  0.95595536359539868     
          19          24  0.95229457430285758     
          24          25  0.97201837793935353     
          24          26  0.96578557384195163     
          24          27   1.0159252870621380     
          27          28   1.4061168128515942     
          28          29  0.96817628842726977     
          28          30   1.4492050918061494     
          30          31  0.96953071670361002     
          27          32  0.10974307304303521     
          30          32   1.4346940065853147     
          32          33  0.97102770971955921     
          28          34  0.11101897352737528     
          32          34   1.4414860799819011     
          34          35  0.97093921329005406     
          27          36   1.4100716741719215     
          30          36  0.11009499717858943     
          34          36   1.4411401042351055     
          36          37  0.96678994501703663     
