   -0.37071189
    0.35821616
   -0.37244767
    0.36213236
   -0.03856146
    0.08164677
    0.07281624
   -0.17074496
    0.22739401
    0.26701016
   -0.45101635
   -0.02354049
    0.07955511
    0.08023482
   -0.17666431
    0.17969433
    0.25538859
   -0.44618950
    0.03531350
   -0.32963849
    0.16236768
    0.14178175
    0.03495934
   -0.06723827
    0.05807630
    0.03405647
    0.01398677
   -0.03444915
    0.04937243
   -0.02850504
    0.03402166
   -0.03173211
    0.03181462
   -0.03072704
    0.03066784
   -0.04035330
    0.02201312
