           1           2   1.7802176026014622     
           1           3  0.18197827407506545     
           2           3   1.1942686940633860     
           3           4  0.78036787046855649     
           2           5  0.92429896329283190     
           5           6  0.97359416022106349     
           5           7  0.95283779148082903     
           5           8  0.99015194209947088     
           8           9  0.88703705137304412     
           8          10   1.3280149446709202     
           8          11  0.20573669866083041     
          10          11   1.6121865446967136     
          10          12  0.94303525835805435     
          12          13  0.97161684072707322     
          12          14  0.95542992802196225     
          12          15  0.98835130267033811     
          15          16  0.94033042870760775     
          15          17   1.2626237230477610     
          15          18  0.18701070924617119     
          17          18   1.6489060046804995     
          17          19  0.93656733068849274     
          19          20   1.0347505185462531     
          20          21  0.95448695805584460     
          20          22  0.96468446363715132     
          19          23  0.95771047841961665     
          19          24  0.95023958540653530     
          24          25  0.96838298392883904     
          24          26  0.97340322235649590     
          24          27   1.0090781490731939     
          27          28   1.4085806889609773     
          28          29  0.96744007653242314     
          28          30   1.4486496549174372     
          30          31  0.97092594883887295     
          27          32  0.10931183123352946     
          30          32   1.4361979320228180     
          32          33  0.97142012214343310     
          28          34  0.11211465353484153     
          32          34   1.4409028096631604     
          34          35  0.97122340687466235     
          27          36   1.4163957877920557     
          30          36  0.11030301138310297     
          34          36   1.4417568056874002     
          36          37  0.96933794162533682     
