   -0.36800854
    0.35866153
   -0.36790724
    0.36386038
   -0.04136102
    0.08273050
    0.07914582
   -0.16265251
    0.18742031
    0.26915721
   -0.44495606
   -0.01753485
    0.08230108
    0.07870683
   -0.17839011
    0.19540068
    0.27394947
   -0.43092489
    0.03153215
   -0.33958531
    0.14508502
    0.16288248
    0.03319397
   -0.06995898
    0.03956247
    0.04678595
    0.00385768
   -0.04043499
    0.03391968
   -0.03513602
    0.02670485
   -0.03650950
    0.04151717
   -0.02939670
    0.03930349
   -0.04107539
    0.02815336
