           1           2   1.7815017896250227     
           1           3  0.18318406692360170     
           2           3   1.1980865711322675     
           3           4  0.77928625058835310     
           2           5  0.92193125135405307     
           5           6  0.97372996473259510     
           5           7  0.95466414542086819     
           5           8  0.98514292065277898     
           8           9  0.93845988609790743     
           8          10   1.2922433101656927     
           8          11  0.18982913867780721     
          10          11   1.6191785646682282     
          10          12  0.97040838788422634     
          12          13  0.95069327528887793     
          12          14  0.93869458072120726     
          12          15   1.0085476463373215     
          15          16  0.91972317246961643     
          15          17   1.2442597609512116     
          15          18  0.19228258863990930     
          17          18   1.6927399188465224     
          17          19  0.94485051360772465     
          19          20   1.0305072024425235     
          20          21  0.96252096607960724     
          20          22  0.95440008455655068     
          19          23  0.96094845936313389     
          19          24  0.93731745048517512     
          24          25  0.96927146615161064     
          24          26  0.97413981063193189     
          24          27   1.0140046287588358     
          27          28   1.4093516829154837     
          28          29  0.96878721310566251     
          28          30   1.4451594608536806     
          30          31  0.97126794719472875     
          27          32  0.10927216984520105     
          30          32   1.4389788982871103     
          32          33  0.96989826527735612     
          28          34  0.11088030048448745     
          32          34   1.4355337855095953     
          34          35  0.97034143597208788     
          27          36   1.4082647277945950     
          30          36  0.10980244893497988     
          34          36   1.4475252679992132     
          36          37  0.96964272736148316     
