   -0.37963666
    0.35469407
   -0.36594622
    0.36225902
   -0.04370020
    0.10801567
    0.07691729
   -0.16831997
    0.17684486
    0.28234820
   -0.41876613
   -0.01606912
    0.07301241
    0.05024324
   -0.16338946
    0.17995194
    0.26795830
   -0.46607927
    0.03545877
   -0.33388382
    0.16192819
    0.14850117
    0.03765478
   -0.07310094
    0.06640995
    0.05405410
    0.00565635
   -0.03964826
    0.03162105
   -0.03137580
    0.03253081
   -0.03362217
    0.03379651
   -0.03166761
    0.03434324
   -0.04294186
    0.03394754
