           1           2   1.7686295997331880     
           1           3  0.17653074611843861     
           2           3   1.1845982286665764     
           3           4  0.80499725237768704     
           2           5  0.93824429926893038     
           5           6  0.93959969742980665     
           5           7  0.95966790009172342     
           5           8  0.99816051900919356     
           8           9  0.93876756566769948     
           8          10   1.2480741422445403     
           8          11  0.19854814215467567     
          10          11   1.7009617127508037     
          10          12  0.93820509822003162     
          12          13  0.96403037511992540     
          12          14  0.96394657088644076     
          12          15  0.99001843990434024     
          15          16  0.93710652257225091     
          15          17   1.2790835840105386     
          15          18  0.18916122370960514     
          17          18   1.6272084108250735     
          17          19  0.93895595814362931     
          19          20   1.0307431168087553     
          20          21  0.95575200250258208     
          20          22  0.96202765065563844     
          19          23  0.95944083703691319     
          19          24  0.95025336402512572     
          24          25  0.96403433796732729     
          24          26  0.97263236383074336     
          24          27   1.0149539861559802     
          27          28   1.4114669955784525     
          28          29  0.96894979365812195     
          28          30   1.4448698641548920     
          30          31  0.97101775783680921     
          27          32  0.10988369792494213     
          30          32   1.4391372422379838     
          32          33  0.97132916594366148     
          28          34  0.11052306242707888     
          32          34   1.4365629448563553     
          34          35  0.97092074741541023     
          27          36   1.4080235916101813     
          30          36  0.11086081247928331     
          34          36   1.4475308113469911     
          36          37  0.96921141617163709     
