   -0.37600777
    0.35830946
   -0.38510053
    0.36702716
   -0.03805188
    0.07895211
    0.07660970
   -0.17049653
    0.18165623
    0.27512393
   -0.44157418
    0.03167505
    0.03770021
   -0.33925651
    0.17115691
    0.14542341
   -0.06673125
    0.04806252
    0.02680719
   -0.04302652
   -0.01139420
    0.02470314
   -0.09683344
    0.17287834
    0.04763692
   -0.04973308
    0.02805651
   -0.03534750
    0.02829562
   -0.04166094
    0.02529318
   -0.03674032
    0.02312437
   -0.01653733
