           1           2   1.2014782662036265     
           1           3  0.18116572479926490     
           2           3   1.7656149534386003     
           1           4  0.76946239801164917     
           2           5  0.92713963748952721     
           5           6  0.95617574954438700     
           5           7  0.97449415593494360     
           5           8  0.98705850554694818     
           8           9  0.93920405150499153     
           8          10   1.2742706818412455     
           8          11  0.18374573349024606     
          10          11   1.6293612556838581     
          10          12  0.95396122288692820     
          12          13  0.95301213788370220     
          12          14   1.0399469863380491     
          14          15  0.94745205408730249     
          14          16  0.96027335921506873     
          12          17  0.93232549006824017     
          17          18  0.96619077701930944     
          17          19  0.97566646971306947     
          17          20   1.0183337616271868     
          20          21   1.5668024596116570     
          21          22  0.96916871425989326     
          21          23   1.2078549749325569     
          23          24  0.94173480439785950     
          23          25   1.1819340150447233     
          25          26   1.3360146510302273     
          26          27  0.96833545902503204     
          26          28   1.4969475801601522     
          28          29  0.97203315782906874     
          28          30   1.3692879310397073     
          30          31  0.97192982358893398     
          26          32  0.11377659040764407     
          30          32   1.5058528017136188     
          32          33  0.96695103326643295     
          20          34   1.2061131329331649     
          25          34   1.2459763753758828     
          32          34   1.3297046035717828     
