   -0.35628731
    0.35607167
   -0.36963760
    0.32966158
   -0.03155092
    0.08809064
    0.07845754
   -0.18108008
    0.19162224
    0.27637114
   -0.42926591
    0.02883584
    0.03234791
   -0.34116702
    0.14299055
    0.16323115
   -0.06471522
    0.04771067
    0.03543388
   -0.03994138
   -0.00860182
    0.03095268
   -0.09653114
    0.16582002
    0.04496206
   -0.05210785
    0.02831587
   -0.04241813
    0.02535850
   -0.04920921
    0.02333416
   -0.03945946
    0.03644699
   -0.02404202
