           1           2   1.1388153248521338     
           1           3  0.16264952191830148     
           2           3   1.7798769396830234     
           1           4  0.86922311068027414     
           2           5  0.96317174455671029     
           5           6  0.94548641889310869     
           5           7  0.93794977730104856     
           5           8   1.0091413677190453     
           8           9  0.92095089661328466     
           8          10   1.2375064493531303     
           8          11  0.18887645814956872     
          10          11   1.6942889862158057     
          10          12  0.94854409762346292     
          12          13  0.96002397737578737     
          12          14   1.0297948199953311     
          14          15  0.96313121264416202     
          14          16  0.95335659610184420     
          12          17  0.93612873493226401     
          17          18  0.97254974076622758     
          17          19  0.97024829038425675     
          17          20   1.0202634874893346     
          20          21   1.5756201276878392     
          21          22  0.96986990036078291     
          21          23   1.1990358100350620     
          23          24  0.94449571264418875     
          23          25   1.1840826778841473     
          25          26   1.3358652284892374     
          26          27  0.96831412024305041     
          26          28   1.4946768054395494     
          28          29  0.97215802805175544     
          28          30   1.3699331974090296     
          30          31  0.97196682123075684     
          26          32  0.11298314742955898     
          30          32   1.5023495288730793     
          32          33  0.96739798589097692     
          20          34   1.2023329860022267     
          25          34   1.2450968291770674     
          32          34   1.3316694437106562     
