   -0.37604255
    0.35748822
   -0.37616592
    0.36373589
   -0.04064306
    0.07794279
    0.07902586
   -0.15886448
    0.20485240
    0.26720390
   -0.45916819
    0.03021628
    0.03452250
   -0.35477155
    0.14500583
    0.15171657
   -0.06086776
    0.04919445
    0.04864582
   -0.03656184
   -0.00761086
    0.04967735
   -0.10298496
    0.16007788
    0.04456875
   -0.05286945
    0.02362923
   -0.03669810
    0.02780807
   -0.04185760
    0.02584599
   -0.03825926
    0.02367825
   -0.02147044
