           1           2   1.1980375339490643     
           1           3  0.18243718404559003     
           2           3   1.7750804589386249     
           1           4  0.77120285942780431     
           2           5  0.92488666633412397     
           5           6  0.95239918151358105     
           5           7  0.97348397242068985     
           5           8  0.99156630686790515     
           8           9  0.91980934865718955     
           8          10   1.3100340549591922     
           8          11  0.19323775725670561     
          10          11   1.6065519639204486     
          10          12  0.95075671608049162     
          12          13  0.95751613097707611     
          12          14   1.0091893556192220     
          14          15  0.96535547729414861     
          14          16  0.95986218577047500     
          12          17  0.97359820807374731     
          17          18  0.96541548036485536     
          17          19  0.95803880578955580     
          17          20   1.0135608505321072     
          20          21   1.5878553809617055     
          21          22  0.96582924182592866     
          21          23   1.1946101268550100     
          23          24  0.94682282467280421     
          23          25   1.1790308322515111     
          25          26   1.3378858166653003     
          26          27  0.96858763261531489     
          26          28   1.4936092359199939     
          28          29  0.97212122467890660     
          28          30   1.3714607357381357     
          30          31  0.97187957670705982     
          26          32  0.11317879071544296     
          30          32   1.5042227022110424     
          32          33  0.96956129131772373     
          20          34   1.2006815441273297     
          25          34   1.2471969361965374     
          32          34   1.3322704357080786     
