           2           7  0.19462580881312777     
           3           8  0.20255025997505594     
           4           9  0.19370262677859135     
           5          10  0.19755073846930341     
           6          11  0.19360550608817467     
           1          12  0.19212263820451744     
           1          13   1.6538084495061027     
          12          13   1.2610455036359651     
           7          14  0.96247454974497892     
          13          14  0.93683785385849971     
          14          15  0.98277171507364192     
          15          16   1.0037369671078382     
           7          17  0.97371330448906890     
          16          17   1.0045409929732947     
           2          18   1.5983801570909706     
           7          18   1.3080380910099896     
           8          19  0.97445874781436070     
          18          19  0.93150200176707110     
          19          20   1.0020741852710346     
           3          21   1.6359063808052001     
           8          21   1.3149257318976852     
           9          22  0.99221601479208565     
          21          22  0.92030788762896676     
          22          23  0.99694382627333378     
           4          24   1.6982497416403339     
           9          24   1.2394417194247243     
          10          25  0.97419266090442347     
          24          25  0.93268250632395633     
          25          26  0.99833325985638621     
           5          27   1.6168383298008446     
          10          27   1.3185371696443042     
          11          28  0.97033814208422597     
          27          28  0.92639578460354677     
          28          29   1.0090729357634221     
           6          30   1.6469180321900641     
          11          30   1.2911211375560094     
          12          31  0.97048499499018337     
          30          31  0.93276948638965274     
          31          32  0.98017746978459097     
          32          33   1.0056762057913839     
          12          34  0.97967440916857007     
          33          34   1.0028034515298161     
          14          35  0.95647714614960933     
          15          36  0.97833269984826798     
          15          37  0.97349528764478810     
          16          38  0.97987280414501265     
          16          39  0.97677155589714248     
          17          40  0.96775073345597828     
          17          41  0.95247983984320472     
           8          42  0.85962488602461296     
          19          43  0.95524674709957647     
          20          44  0.97604009691047711     
          20          45  0.98511020717278863     
          20          46  0.98413803604399597     
           9          47  0.92725469303876118     
          22          48  0.94298678537171476     
          23          49  0.98549291513159754     
          23          50  0.97868253757568280     
          23          51  0.98470914683704336     
          10          52  0.90775038948371867     
          25          53  0.95144570403100248     
          26          54  0.98415154145005701     
          26          55  0.98339569723263431     
          26          56  0.98095416105819400     
          11          57  0.89268030479984928     
          28          58  0.95344350936287581     
          29          59  0.98557731549204264     
          29          60  0.98189049234805159     
          29          61  0.97981599438978617     
          31          62  0.95396968910128677     
          32          63  0.97653791822934677     
          32          64  0.97548986269272109     
          33          65  0.97714700144571187     
          33          66  0.97729985165733257     
          34          67  0.96712793843804157     
          34          68  0.96855382613282992     
