   -0.37632452
    0.35627791
   -0.37971320
    0.36120989
   -0.03665541
    0.08035392
    0.08262711
   -0.17899427
    0.22483137
    0.26944203
   -0.45357025
   -0.02537173
    0.08134461
    0.08256586
   -0.17585203
    0.20646018
    0.26262733
   -0.44767113
    0.02932148
   -0.35827461
    0.15279583
    0.15571050
    0.05268141
   -0.07291844
    0.05497279
    0.05985552
    0.01159421
   -0.03901019
    0.04010320
   -0.03080937
    0.03065847
   -0.03345860
    0.02845744
   -0.03114679
    0.02842421
   -0.04020842
    0.02766369
