           1           2   1.7771299524374169     
           1           3  0.17679818641002504     
           2           3   1.1770286538832231     
           3           4  0.79580371282307671     
           2           5  0.93232816678305452     
           5           6  0.95906839898022966     
           5           7  0.97246698138383725     
           5           8  0.98519377543286979     
           8           9  0.89313799909446911     
           8          10   1.3001859305330863     
           8          11  0.19487021919451492     
          10          11   1.6235210577343038     
          10          12  0.94428438821490013     
          12          13  0.97069694506929383     
          12          14  0.96189284943908548     
          12          15  0.98514110123169063     
          15          16  0.91302360470014554     
          15          17   1.2702583015252884     
          15          18  0.18516094394969193     
          17          18   1.6506969686027724     
          17          19  0.94660947629698522     
          19          20   1.0167390158962666     
          20          21  0.95957033659971613     
          20          22  0.95953436522812863     
          19          23  0.94553027718444616     
          19          24  0.96087824475795724     
          24          25  0.97004989850736079     
          24          26  0.96462914523437049     
          24          27   1.0133267045311010     
          27          28   1.4138412910017735     
          28          29  0.96819665718876313     
          28          30   1.4415464625370329     
          30          31  0.97116277002625251     
          27          32  0.10916917687694586     
          30          32   1.4419305257007446     
          32          33  0.97161457799540496     
          28          34  0.11031656826799624     
          32          34   1.4345486637938996     
          34          35  0.97131457238128738     
          27          36   1.4076464040919894     
          30          36  0.11167383543212978     
          34          36   1.4498178670665998     
          36          37  0.96950528548654380     
