   -0.37303428
    0.35749477
   -0.37372312
    0.36323205
   -0.03715135
    0.07716602
    0.07619417
   -0.17221588
    0.18080050
    0.25610535
   -0.45607842
    0.03338188
    0.04195686
   -0.33099993
    0.16003625
    0.14323978
   -0.05978261
    0.03747018
    0.05101687
   -0.02601098
   -0.00130252
    0.04018941
   -0.09934109
    0.15993563
    0.04495558
   -0.05176288
    0.02454865
   -0.03654976
    0.02871468
   -0.04185748
    0.02579117
   -0.03717781
    0.01463803
   -0.01987973
