           1           2   1.1963037541934096     
           1           3  0.18260974374552233     
           2           3   1.7774990647893896     
           1           4  0.77690074937286913     
           2           5  0.92533013287796528     
           5           6  0.95404890084675209     
           5           7  0.97438684567342881     
           5           8  0.98619907861875666     
           8           9  0.93942471342336797     
           8          10   1.2792062203952803     
           8          11  0.18581820864515958     
          10          11   1.6171604769456360     
          10          12  0.94282943232475636     
          12          13  0.95683357591368245     
          12          14   1.0333794915965322     
          14          15  0.95614419915369708     
          14          16  0.96429443930062553     
          12          17  0.94737721911119122     
          17          18  0.96991941643795943     
          17          19  0.97238930625395481     
          17          20   1.0159474058438456     
          20          21   1.5800729928905213     
          21          22  0.96920046601750398     
          21          23   1.2003354508327695     
          23          24  0.94671077906799828     
          23          25   1.1778345764452420     
          25          26   1.3399830399858694     
          26          27  0.96849451377970652     
          26          28   1.4926268778272094     
          28          29  0.97208257863400438     
          28          30   1.3716742746423500     
          30          31  0.97189165371818098     
          26          32  0.11259777589478759     
          30          32   1.5036891489516719     
          32          33  0.96906949901188655     
          20          34   1.2045918525076234     
          25          34   1.2446521319240840     
          32          34   1.3320814779453862     
