           2           7  0.19488302256773296     
           3           8  0.20403823342914457     
           4           9  0.19441468826748409     
           5          10  0.19723422228737317     
           6          11  0.19705925563021451     
           1          12  0.19569321928741829     
           1          13   1.6468052974547760     
          12          13   1.2715995887934968     
           7          14  0.96016783057494570     
          13          14  0.93701203931850774     
          14          15  0.98337351497531256     
          15          16   1.0032953735726109     
           7          17  0.97958959064764584     
          16          17   1.0057604401497753     
           2          18   1.6052215944771815     
           7          18   1.3017786080497042     
           8          19  0.97699596312401515     
          18          19  0.93300061784609933     
          19          20   1.0024144301739768     
           3          21   1.6468686446216840     
           8          21   1.3083169140191919     
           9          22  0.99041798099608591     
          21          22  0.91793737139644527     
          22          23  0.99989395939347314     
           4          24   1.7000647348810902     
           9          24   1.2399310058636885     
          10          25  0.97466540960081605     
          24          25  0.93102322223033762     
          25          26  0.99858279064600941     
           5          27   1.6121866471160049     
          10          27   1.3209015435398743     
          11          28  0.97389624172388745     
          27          28  0.92903738639540545     
          28          29   1.0073491220280584     
           6          30   1.6613082409828879     
          11          30   1.2809852886057331     
          12          31  0.96857337533780363     
          30          31  0.93079971926218341     
          31          32  0.98163374535370962     
          32          33   1.0054472169825404     
          12          34  0.97881090967539097     
          33          34   1.0027636997049587     
          14          35  0.95794636747234985     
          15          36  0.97890270660825007     
          15          37  0.97413103067022200     
          16          38  0.97853666002198147     
          16          39  0.97612511379767453     
          17          40  0.95927291681638605     
          17          41  0.96299826086039131     
           8          42  0.85616226314886368     
          19          43  0.94850485381011029     
          20          44  0.98331072322554280     
          20          45  0.97623401114026909     
          20          46  0.98545623186815368     
           9          47  0.92639909477424687     
          22          48  0.94417312805230869     
          23          49  0.98541523553917598     
          23          50  0.97826455547457136     
          23          51  0.98438737935618326     
          10          52  0.91703775112955976     
          25          53  0.95254549726648041     
          26          54  0.98391459985921959     
          26          55  0.98331980198514202     
          26          56  0.98038237962532504     
          11          57  0.90102373432674565     
          28          58  0.94923506787115075     
          29          59  0.98568490708586698     
          29          60  0.98144572245311479     
          29          61  0.98081061463399843     
          31          62  0.95470454860718612     
          32          63  0.97675018476155362     
          32          64  0.97564777007231429     
          33          65  0.97704273527943541     
          33          66  0.97710925452006014     
          34          67  0.96410251296866523     
          34          68  0.96862274304516827     
