   -0.37778553
    0.35586220
   -0.37507224
    0.35071424
   -0.04214048
    0.10954843
    0.07826865
   -0.17679636
    0.20064078
    0.27039853
   -0.41602441
   -0.02719727
    0.08012866
    0.06690764
   -0.15589006
    0.21002683
    0.26174819
   -0.48159170
    0.02829685
   -0.35591054
    0.15485642
    0.15161687
    0.05695988
   -0.07372693
    0.04655211
    0.06494108
    0.01091305
   -0.03937203
    0.03083429
   -0.02959677
    0.03181735
   -0.03216989
    0.03146142
   -0.03073652
    0.03169581
   -0.03904855
    0.02887000
