           1           2   1.7731917081919355     
           1           3  0.17264564238482222     
           2           3   1.1738573864676856     
           3           4  0.79855269822389174     
           2           5  0.93728355889259696     
           5           6  0.94530304659035558     
           5           7  0.94933864288860215     
           5           8   1.0048369602238811     
           8           9  0.91756533923713102     
           8          10   1.2599327058930339     
           8          11  0.20573711556784527     
          10          11   1.7035711058134595     
          10          12  0.92901706587888644     
          12          13  0.97115733859055897     
          12          14  0.96380916513598558     
          12          15  0.98773965675313191     
          15          16  0.91247882842266104     
          15          17   1.3201149606440561     
          15          18  0.18563676013936820     
          17          18   1.5869771325156481     
          17          19  0.94909408466240264     
          19          20   1.0192274893507571     
          20          21  0.95857615042726896     
          20          22  0.96102725785921761     
          19          23  0.94260280301833987     
          19          24  0.95918460728912902     
          24          25  0.97235460427332343     
          24          26  0.96419589727730481     
          24          27   1.0134662892809687     
          27          28   1.4064301615610009     
          28          29  0.96933142932517802     
          28          30   1.4509867724928587     
          30          31  0.97110020589074764     
          27          32  0.10917377240120571     
          30          32   1.4337810734894025     
          32          33  0.97145489618060665     
          28          34  0.11199029573236688     
          32          34   1.4429417586608946     
          34          35  0.97116191262560170     
          27          36   1.4149641411333029     
          30          36  0.10997535342752290     
          34          36   1.4401234835452650     
          36          37  0.96902839822299436     
