   -0.37185053
    0.35881822
   -0.37698961
    0.36521378
   -0.03876969
    0.07422069
    0.07932064
   -0.16451561
    0.18011325
    0.27403215
   -0.44707052
    0.03341800
    0.03286162
   -0.34012337
    0.14667976
    0.16552134
   -0.06590502
    0.05032530
    0.03962726
   -0.04021208
   -0.01208445
    0.03064373
   -0.10666849
    0.15969747
    0.04265550
   -0.05331418
    0.02595557
   -0.03577151
    0.03238546
   -0.04222909
    0.03081533
   -0.03837778
    0.03463896
   -0.02306212
