           1           2   1.2022898226782022     
           1           3  0.18315892527269026     
           2           3   1.7725920740462993     
           1           4  0.77122434064305145     
           2           5  0.92599153766005682     
           5           6  0.97476064475975632     
           5           7  0.94749976904685762     
           5           8  0.98612292859954453     
           8           9  0.93857522911587976     
           8          10   1.2887820071959657     
           8          11  0.18814649610483811     
          10          11   1.6168216978927976     
          10          12  0.95708313460215710     
          12          13  0.95861803067896056     
          12          14   1.0308147317655483     
          14          15  0.96180509854654650     
          14          16  0.95308868695109039     
          12          17  0.93283665439369179     
          17          18  0.97202684312928689     
          17          19  0.96908162592944636     
          17          20   1.0213113960870428     
          20          21   1.5785975299836430     
          21          22  0.96985465488295897     
          21          23   1.1944740844115556     
          23          24  0.94675553869224638     
          23          25   1.1747273195070536     
          25          26   1.3369507073319231     
          26          27  0.96844826923019856     
          26          28   1.4950738595310260     
          28          29  0.97178629210334599     
          28          30   1.3704923026070637     
          30          31  0.97152449185705048     
          26          32  0.11401542784314192     
          30          32   1.5037299159369857     
          32          33  0.96755621056969654     
          20          34   1.2010165274397071     
          25          34   1.2507367046180797     
          32          34   1.3289012021418096     
