   -0.47528806
   -0.43835271
   -0.47296327
   -0.42103974
   -0.47758309
   -0.44241826
   -0.08657206
   -0.17300400
   -0.18497348
   -0.17460224
   -0.18429042
   -0.08184175
    0.25856989
    0.01909813
   -0.05812186
   -0.06213982
    0.00070268
    0.25838480
    0.02845979
   -0.11812643
    0.27362214
    0.01985656
   -0.11859115
    0.27543784
    0.02919027
   -0.11573391
    0.27111054
    0.02457797
   -0.11760444
    0.27482615
    0.01877106
   -0.06057384
   -0.06411803
   -0.00382113
    0.05793592
    0.04346952
    0.04946057
    0.04572602
    0.05032098
    0.07632869
    0.05647694
    0.18932007
    0.06526228
    0.06472262
    0.06600994
    0.05325557
    0.18915879
    0.07701148
    0.05414090
    0.04846929
    0.06303310
    0.22954753
    0.06063112
    0.04970432
    0.05002051
    0.07177608
    0.21269044
    0.06555236
    0.05135590
    0.05060563
    0.06998716
    0.06322928
    0.04222504
    0.07147641
    0.04853598
    0.07786938
    0.07255174
    0.04129032
