           2           7  0.20136186093973318     
           3           8  0.19016254023082299     
           4           9  0.18689978131323642     
           5          10  0.20231851591457609     
           6          11  0.19932910098887149     
           1          12  0.19538760933345892     
           1          13   1.5904368747621165     
          12          13   1.3105674643038510     
           7          14  0.98165153219349588     
          13          14  0.94111325292302095     
          14          15  0.97595386754081026     
          15          16   1.0033200253551597     
           7          17  0.97500823201497699     
          16          17   1.0070426076453898     
           2          18   1.6685474121761168     
           7          18   1.2677945883127508     
           8          19  0.96476086681418882     
          18          19  0.92801580595317057     
          19          20   1.0001131584290068     
           3          21   1.6432787562868525     
           8          21   1.2914443777887445     
           9          22  0.99597180285605891     
          21          22  0.92431893367104345     
          22          23  0.99850491104260819     
           4          24   1.7104499836787783     
           9          24   1.2284333611556544     
          10          25  0.97884643610600996     
          24          25  0.92878903251627398     
          25          26  0.99735543423161110     
           5          27   1.6295426925878986     
          10          27   1.3212725616852299     
          11          28  0.97311712241423032     
          27          28  0.92418377284629394     
          28          29  0.99211900264895991     
           6          30   1.6351748673552020     
          11          30   1.3113424823595776     
          12          31  0.95944831194943114     
          30          31  0.92226909256400968     
          31          32  0.99835591413094660     
          32          33   1.0044451913379251     
          12          34  0.97735797818288761     
          33          34   1.0034445251224233     
          14          35  0.94566601853748811     
          15          36  0.97565051017214222     
          15          37  0.97819750633848768     
          16          38  0.97882008425986422     
          16          39  0.97662501943248248     
          17          40  0.96617736163157864     
          17          41  0.96623462412315120     
           8          42  0.93118885168972565     
          19          43  0.94696854459056801     
          20          44  0.98103323915873364     
          20          45  0.97719546012110514     
          20          46  0.98245692698008713     
           9          47  0.92861208295519571     
          22          48  0.93888412602224824     
          23          49  0.98132388316734853     
          23          50  0.98534843020641572     
          23          51  0.98231793750478169     
          10          52  0.87666877071109617     
          25          53  0.95399365368894751     
          26          54  0.98472905966946045     
          26          55  0.98410868735962553     
          26          56  0.98116129906601124     
          11          57  0.89625711562707522     
          28          58  0.96498129190587401     
          29          59  0.98374786890887767     
          29          60  0.98371548850201163     
          29          61  0.97964420365933613     
          31          62  0.95225573387052198     
          32          63  0.97807446403990106     
          32          64  0.97121171672059736     
          33          65  0.97833041549329514     
          33          66  0.97477434110665551     
          34          67  0.95927377745354181     
          34          68  0.96621485257967754     
