           2           7  0.19462580883968336     
           3           8  0.20255025946974617     
           4           9  0.19370262630639534     
           5          10  0.19755073855438993     
           6          11  0.19360550711982186     
           1          12  0.19212263876348523     
           1          13   1.6538084483511928     
          12          13   1.2610455060520736     
           7          14  0.96247455018220796     
          13          14  0.93683785419165233     
          14          15  0.98277171486809300     
          15          16   1.0037369677069077     
           7          17  0.97371330415731705     
          16          17   1.0045409922370798     
           2          18   1.5983801581550390     
           7          18   1.3080380904719535     
           8          19  0.97445874762886997     
          18          19  0.93150200155754515     
          19          20   1.0020741849117822     
           3          21   1.6359063794626132     
           8          21   1.3149257332524404     
           9          22  0.99221601513325097     
          21          22  0.92030788729781321     
          22          23  0.99694382554779981     
           4          24   1.6982497419688354     
           9          24   1.2394417193233380     
          10          25  0.97419265888790674     
          24          25  0.93268250584053414     
          25          26  0.99833326068048378     
           5          27   1.6168383265490576     
          10          27   1.3185371749027572     
          11          28  0.97033814253680462     
          27          28  0.92639578287306590     
          28          29   1.0090729368097808     
           6          30   1.6469180283691205     
          11          30   1.2911211417795387     
          12          31  0.97048499438553004     
          30          31  0.93276948598059262     
          31          32  0.98017746988237420     
          32          33   1.0056762060090065     
          12          34  0.97967441014204049     
          33          34   1.0028034512667545     
          14          35  0.95647714598610289     
          15          36  0.97833269973925674     
          15          37  0.97349528740423819     
          16          38  0.97987280430663559     
          16          39  0.97677155596883813     
          17          40  0.96775073397919176     
          17          41  0.95247983851408202     
           8          42  0.85962488395422709     
          19          43  0.95524674764513084     
          20          44  0.97604009724533758     
          20          45  0.98511020723269560     
          20          46  0.98413803613803641     
           9          47  0.92725469275054517     
          22          48  0.94298678595441410     
          23          49  0.98549291491787061     
          23          50  0.97868253781356040     
          23          51  0.98470914682517852     
          10          52  0.90775038844502498     
          25          53  0.95144570465025680     
          26          54  0.98415154135081784     
          26          55  0.98339569708701058     
          26          56  0.98095416099948518     
          11          57  0.89268030432978862     
          28          58  0.95344350845505599     
          29          59  0.98557731546301952     
          29          60  0.98189049180121013     
          29          61  0.97981599396611607     
          31          62  0.95396968888238831     
          32          63  0.97653791824823188     
          32          64  0.97548986260034498     
          33          65  0.97714700149326006     
          33          66  0.97729985154678389     
          34          67  0.96712793837843580     
          34          68  0.96855382575780702     
