   -0.37551964
    0.35856980
   -0.37799774
    0.36474668
   -0.03927896
    0.07773981
    0.07380638
   -0.16316285
    0.20648551
    0.26134830
   -0.46154210
    0.03255544
    0.03431364
   -0.35643067
    0.13968245
    0.16346353
   -0.06232597
    0.05243180
    0.05249283
   -0.03165724
   -0.00735150
    0.03530109
   -0.10253988
    0.15981156
    0.04350106
   -0.05256530
    0.02448548
   -0.03589449
    0.02950160
   -0.04159157
    0.02810984
   -0.04048548
    0.03120161
   -0.02120499
