           1           2   1.2019169926877247     
           1           3  0.18300328848689104     
           2           3   1.7728095087365972     
           1           4  0.76735302769312419     
           2           5  0.92457071574475935     
           5           6  0.97411634975300143     
           5           7  0.95204433608503658     
           5           8  0.99147219164191891     
           8           9  0.91363990064828615     
           8          10   1.3091013358263626     
           8          11  0.19278715537513147     
          10          11   1.6009938475853702     
          10          12  0.95249180605882633     
          12          13  0.95358188988186743     
          12          14   1.0167045723163650     
          14          15  0.96681121783601476     
          14          16  0.94896554988450565     
          12          17  0.95320687546272687     
          17          18  0.96975027961127491     
          17          19  0.97139481579268072     
          17          20   1.0158479300475625     
          20          21   1.5786047228912699     
          21          22  0.96958258807420772     
          21          23   1.1992597099810784     
          23          24  0.94667709221346841     
          23          25   1.1769080639114744     
          25          26   1.3375776211670989     
          26          27  0.96848627481603022     
          26          28   1.4949164641844781     
          28          29  0.97198120019190060     
          28          30   1.3698821300266919     
          30          31  0.97169878570230228     
          26          32  0.11363615785453371     
          30          32   1.5062773799618252     
          32          33  0.96734278229796855     
          20          34   1.2029072229347602     
          25          34   1.2466957507045526     
          32          34   1.3270380792701753     
