           2           7  0.19528689581273145     
           3           8  0.20298944253895901     
           4           9  0.19367902654406383     
           5          10  0.19773355535552486     
           6          11  0.19455956036703406     
           1          12  0.19338395486231363     
           1          13   1.6571996262648443     
          12          13   1.2590893806413097     
           7          14  0.96467726078595772     
          13          14  0.93517685515769555     
          14          15  0.98104575820577367     
          15          16   1.0048286513455535     
           7          17  0.97565979402630421     
          16          17   1.0037484402919739     
           2          18   1.6011200850831695     
           7          18   1.3077997581460157     
           8          19  0.97574231735683870     
          18          19  0.93149687595430297     
          19          20   1.0003260441224833     
           3          21   1.6280429756472294     
           8          21   1.3203629651363373     
           9          22  0.99167858705590894     
          21          22  0.92161359578407476     
          22          23  0.99680751731931039     
           4          24   1.6995094038622638     
           9          24   1.2391501011811561     
          10          25  0.97427267239259507     
          24          25  0.93199473305277858     
          25          26  0.99871798184662075     
           5          27   1.6169829357140737     
          10          27   1.3184517441900039     
          11          28  0.97113122487289283     
          27          28  0.92652785214666600     
          28          29   1.0088986257307933     
           6          30   1.6454909640775375     
          11          30   1.2924100048318385     
          12          31  0.97092021296021125     
          30          31  0.93263845534495560     
          31          32  0.98049973235223808     
          32          33   1.0056882687740134     
          12          34  0.98009109923231130     
          33          34   1.0027941565221921     
          14          35  0.95760913516617152     
          15          36  0.97815756423774392     
          15          37  0.97705690203271045     
          16          38  0.97638026881178419     
          16          39  0.97575734167352779     
          17          40  0.96585303406270284     
          17          41  0.94709795700640331     
           8          42  0.85835198751773101     
          19          43  0.95638254315100357     
          20          44  0.97686643513444926     
          20          45  0.98513113685835119     
          20          46  0.98401262210207896     
           9          47  0.92700481193367246     
          22          48  0.94369628913488524     
          23          49  0.97871847641135201     
          23          50  0.98472571991287550     
          23          51  0.98530105535050105     
          10          52  0.90749682048750602     
          25          53  0.95253850021094733     
          26          54  0.98096317395216115     
          26          55  0.98407442594878702     
          26          56  0.98324781135359351     
          11          57  0.89521669994285413     
          28          58  0.95253827213715536     
          29          59  0.97944745401254651     
          29          60  0.98570801561437371     
          29          61  0.98166326943149396     
          31          62  0.95311743858834341     
          32          63  0.97645182089809679     
          32          64  0.97536160045081433     
          33          65  0.97725824568160524     
          33          66  0.97774097733060095     
          34          67  0.96598561382450199     
          34          68  0.96925904523545470     
