   -0.37451195
    0.35892079
   -0.38143121
    0.36739520
   -0.03899476
    0.07617732
    0.07185594
   -0.16397037
    0.20381517
    0.26589783
   -0.45830033
    0.02771887
    0.05506597
   -0.36024857
    0.14878076
    0.15345664
   -0.06485526
    0.03474798
    0.06135750
   -0.03604445
   -0.01385938
    0.02196257
   -0.11123837
    0.15582232
    0.04375687
   -0.05333451
    0.02268836
   -0.03132766
    0.03270374
   -0.03494411
    0.03858731
   -0.03711497
    0.04189726
   -0.02243249
