           1           2   1.2075696957238664     
           1           3  0.18324676425802769     
           2           3   1.7692984105394503     
           1           4  0.76058001653576568     
           2           5  0.92390950954241069     
           5           6  0.97485783270097959     
           5           7  0.95274200296458444     
           5           8  0.99017194605516690     
           8           9  0.91342447484494504     
           8          10   1.3101435120876754     
           8          11  0.19074797565108054     
          10          11   1.6022702798190038     
          10          12  0.95198154027050241     
          12          13  0.94936179543320220     
          12          14   1.0225557457371666     
          14          15  0.96274482766503511     
          14          16  0.94604867225278777     
          12          17  0.94806839584308333     
          17          18  0.97209477588330517     
          17          19  0.96847637021735378     
          17          20   1.0217617911846926     
          20          21   1.5710681075834512     
          21          22  0.96860701629991275     
          21          23   1.1905860144685689     
          23          24  0.94794218947532605     
          23          25   1.1700646946462687     
          25          26   1.3362179277106703     
          26          27  0.96859594146601258     
          26          28   1.4954816433661851     
          28          29  0.97170216344027949     
          28          30   1.3716271929737947     
          30          31  0.97086370447866921     
          26          32  0.11591372723686059     
          30          32   1.5068900400739720     
          32          33  0.96501379707725299     
          20          34   1.1995683021718075     
          25          34   1.2558103942941703     
          32          34   1.3291196301875181     
