   -0.37724403
    0.36063848
   -0.37983776
    0.36499281
   -0.03943299
    0.07787150
    0.07251346
   -0.15550101
    0.20326966
    0.26960941
   -0.45992344
    0.03182382
    0.03192344
   -0.35293714
    0.15070462
    0.14191120
   -0.06378087
    0.05370123
    0.04031761
   -0.04006383
   -0.00384500
    0.03100376
   -0.09986725
    0.16040397
    0.04710659
   -0.04743709
    0.02659759
   -0.02868120
    0.03487960
   -0.03502694
    0.03300667
   -0.04159751
    0.01637990
   -0.02347926
