           1           2   1.2042529119527057     
           1           3  0.18202655799832662     
           2           3   1.7695317759406415     
           1           4  0.76314234421382476     
           2           5  0.92426312334965566     
           5           6  0.97448324356770843     
           5           7  0.95079811992968977     
           5           8  0.99159855413318410     
           8           9  0.92411244209665455     
           8          10   1.3101934280763408     
           8          11  0.19275730088673662     
          10          11   1.6048361799034383     
          10          12  0.94981731265319203     
          12          13  0.95868057716029198     
          12          14   1.0117462592037738     
          14          15  0.96136274331460903     
          14          16  0.96541953072407294     
          12          17  0.95655550351848273     
          17          18  0.97079030074826234     
          17          19  0.97102154452830358     
          17          20   1.0126521042439554     
          20          21   1.5784261572920661     
          21          22  0.96992206738591880     
          21          23   1.2026647065661265     
          23          24  0.94661215631957740     
          23          25   1.1749540276701529     
          25          26   1.3361145258346940     
          26          27  0.96839058437933168     
          26          28   1.4976749655813841     
          28          29  0.97160632237123679     
          28          30   1.3686444275804661     
          30          31  0.97132568625796945     
          26          32  0.11434436615506519     
          30          32   1.5083240216355169     
          32          33  0.96770699482647737     
          20          34   1.2036140644890627     
          25          34   1.2512634741252102     
          32          34   1.3265706813243365     
