   -0.37872740
    0.35585469
   -0.37280442
    0.35088842
   -0.04281694
    0.07851884
    0.11015767
   -0.17554354
    0.19919316
    0.27022205
   -0.41483131
   -0.02698924
    0.06608528
    0.07973857
   -0.15579720
    0.20943162
    0.26184273
   -0.48223188
    0.02806268
   -0.35392142
    0.15568732
    0.14798753
    0.06078904
   -0.07034956
    0.03719643
    0.06590200
    0.00932117
   -0.03990089
    0.02391495
   -0.03133684
    0.03025048
   -0.03189497
    0.03203193
   -0.02855866
    0.03467483
   -0.03898932
    0.03694222
