           1           2   1.7709281260669798     
           1           3  0.17303395138938890     
           2           3   1.1761122836414417     
           3           4  0.79858172887182033     
           2           5  0.93822875876275180     
           5           6  0.94914695317145314     
           5           7  0.94393803555353895     
           5           8   1.0043925287040507     
           8           9  0.91907782545282601     
           8          10   1.2603224762328478     
           8          11  0.20626799668870807     
          10          11   1.7041114744222365     
          10          12  0.92866109918395234     
          12          13  0.96411081121596620     
          12          14  0.97119648093732813     
          12          15  0.98779848148454963     
          15          16  0.91351383424377297     
          15          17   1.3180463770143152     
          15          18  0.18467526421957522     
          17          18   1.5871385963150575     
          17          19  0.94964546690100848     
          19          20   1.0208654996013919     
          20          21  0.95909462210692631     
          20          22  0.96204979638207577     
          19          23  0.94108666815622177     
          19          24  0.95793073081905766     
          24          25  0.97340092125642375     
          24          26  0.96416731814447232     
          24          27   1.0132311137766261     
          27          28   1.4156720291686260     
          28          29  0.96925832444041871     
          28          30   1.4395536725523050     
          30          31  0.97126158771807491     
          27          32  0.10909342988440433     
          30          32   1.4431798937388334     
          32          33  0.97141942071941101     
          28          34  0.10980847066377838     
          32          34   1.4336508301011641     
          34          35  0.97091235940487952     
          27          36   1.4061789159099183     
          30          36  0.11223081136300080     
          34          36   1.4513046741368756     
          36          37  0.96892615860505948     
