   -0.37340730
    0.35712708
   -0.37614624
    0.36226939
   -0.03955871
    0.08214714
    0.07649030
   -0.17265036
    0.22977945
    0.26745437
   -0.45372014
   -0.02557771
    0.07735599
    0.08086059
   -0.17054359
    0.20295595
    0.26337452
   -0.44606749
    0.02758731
   -0.35385312
    0.15207933
    0.14636450
    0.05767321
   -0.06279628
    0.03700215
    0.03951152
    0.01503132
   -0.03966265
    0.02335043
   -0.02922889
    0.03220993
   -0.03119697
    0.03172912
   -0.02844062
    0.03177337
   -0.02786245
    0.03658556
