           1           2   1.7791121804595338     
           1           3  0.18107593280597950     
           2           3   1.1909059925849572     
           3           4  0.77983549589041012     
           2           5  0.92666259238183568     
           5           6  0.97317193707855765     
           5           7  0.95286169678845889     
           5           8  0.99047752863271077     
           8           9  0.88028474934108281     
           8          10   1.3305743748581305     
           8          11  0.20503224451499602     
          10          11   1.6092184063540336     
          10          12  0.94163757567293416     
          12          13  0.95623927171369338     
          12          14  0.97163188874639539     
          12          15  0.99261626949841375     
          15          16  0.91931828113167069     
          15          17   1.2841536083441785     
          15          18  0.19371455370886473     
          17          18   1.6403934612964834     
          17          19  0.94732265255587045     
          19          20   1.0155104927782053     
          20          21  0.96170750918041703     
          20          22  0.96424679263124524     
          19          23  0.94178033363271352     
          19          24  0.96632632326132339     
          24          25  0.96638704951396526     
          24          26  0.97569653788261812     
          24          27   1.0084507333769797     
          27          28   1.4105808433823397     
          28          29  0.96878735387724035     
          28          30   1.4480042796752532     
          30          31  0.97115559004201357     
          27          32  0.10987674433011117     
          30          32   1.4359873036819575     
          32          33  0.97143254473716867     
          28          34  0.11115771477010251     
          32          34   1.4408987624189316     
          34          35  0.97112427902848963     
          27          36   1.4163319591926018     
          30          36  0.11085244360912908     
          34          36   1.4424566112679267     
          36          37  0.96849693149872729     
