   -0.37755465
    0.35766427
   -0.37959890
    0.36445853
   -0.04031011
    0.07923235
    0.07781664
   -0.15837096
    0.20355337
    0.26910086
   -0.45744943
    0.03236149
    0.03193454
   -0.35329946
    0.14509582
    0.15136299
   -0.06222442
    0.05302005
    0.04115809
   -0.03339552
   -0.00145198
    0.03305385
   -0.09803294
    0.16145764
    0.04771800
   -0.05106471
    0.02592943
   -0.03660651
    0.02982434
   -0.04364109
    0.02625884
   -0.04062014
    0.02105956
   -0.01843983
