           1           2   1.2009666678690163     
           1           3  0.18257846814839898     
           2           3   1.7709593702060076     
           1           4  0.76626210168430053     
           2           5  0.92641543373723934     
           5           6  0.94919091975103154     
           5           7  0.97382176512480267     
           5           8  0.99029060185764639     
           8           9  0.92111169509414348     
           8          10   1.3088045082060178     
           8          11  0.19334766661283526     
          10          11   1.6089931244058637     
          10          12  0.95001541703124726     
          12          13  0.95813044766145383     
          12          14   1.0124963162788156     
          14          15  0.96454127847712112     
          14          16  0.96080275392905057     
          12          17  0.95575654555785894     
          17          18  0.97136655259585991     
          17          19  0.97032586816967781     
          17          20   1.0147835092552480     
          20          21   1.5816694622674166     
          21          22  0.96979027694729780     
          21          23   1.2007511496954997     
          23          24  0.94628489010253047     
          23          25   1.1792973571057359     
          25          26   1.3383493982108616     
          26          27  0.96845242168053991     
          26          28   1.4942732083270318     
          28          29  0.97199365264778670     
          28          30   1.3705156165100099     
          30          31  0.97181538851176241     
          26          32  0.11273316007296567     
          30          32   1.5035308535927931     
          32          33  0.96794943082155394     
          20          34   1.2043435758405727     
          25          34   1.2458446007018815     
          32          34   1.3304336387484219     
