   -0.37029992
    0.35332876
   -0.37019292
    0.33724297
   -0.04034671
    0.07382175
    0.10671520
   -0.18654736
    0.19485801
    0.26762672
   -0.43047874
    0.02936184
    0.03049093
   -0.35334661
    0.14211669
    0.15035272
   -0.05989370
    0.03873746
    0.05890424
   -0.03413557
   -0.00730645
    0.03095168
   -0.10229197
    0.16091703
    0.04047774
   -0.04989905
    0.03014961
   -0.03256784
    0.03520931
   -0.04086506
    0.03295654
   -0.04502870
    0.04268873
   -0.03370735
