           1           2   1.1544297259832594     
           1           3  0.17059942340998191     
           2           3   1.7833923312258808     
           1           4  0.82993367198168855     
           2           5  0.95079776048755649     
           5           6  0.95537875932025718     
           5           7  0.93762859005905264     
           5           8   1.0019611516938656     
           8           9  0.91586324703244748     
           8          10   1.2414794319939602     
           8          11  0.19319463042188892     
          10          11   1.6964460426143229     
          10          12  0.94216104205634810     
          12          13  0.95337175164587906     
          12          14   1.0135281055167640     
          14          15  0.96640452952214706     
          14          16  0.95898826762177392     
          12          17  0.95986652842525910     
          17          18  0.96922103267880455     
          17          19  0.96829853283853295     
          17          20   1.0188952126148112     
          20          21   1.5818520379120380     
          21          22  0.96946878997283870     
          21          23   1.1976290809276957     
          23          24  0.94641418268734157     
          23          25   1.1774314167296209     
          25          26   1.3337361768232041     
          26          27  0.96820189355567121     
          26          28   1.4979624067522959     
          28          29  0.97159186211165205     
          28          30   1.3684561708904834     
          30          31  0.97138897310401540     
          26          32  0.11581634652751707     
          30          32   1.5075716622009023     
          32          33  0.96681767857424905     
          20          34   1.2012903731329005     
          25          34   1.2433288819853374     
          32          34   1.3189097302000965     
