   -0.37344187
    0.35826086
   -0.37425427
    0.36257993
   -0.03882705
    0.07232034
    0.08158106
   -0.17230990
    0.22985037
    0.26741535
   -0.45233058
   -0.02547592
    0.07964447
    0.08104601
   -0.16824370
    0.20396667
    0.26328865
   -0.45478105
    0.02859910
   -0.35693193
    0.15180393
    0.15228171
    0.05409849
   -0.07090980
    0.06374846
    0.03863834
    0.00918713
   -0.03959715
    0.04415067
   -0.02970719
    0.03330353
   -0.03221520
    0.03192694
   -0.03242284
    0.03020920
   -0.04174971
    0.02529697
