           1           2   1.7777142122166254     
           1           3  0.18185422069312437     
           2           3   1.1953731447537217     
           3           4  0.77686585732253211     
           2           5  0.92538687733549918     
           5           6  0.95239231848747974     
           5           7  0.97356595958655645     
           5           8  0.99036130939313916     
           8           9  0.88119559791338664     
           8          10   1.3307824236110790     
           8          11  0.20525520427398788     
          10          11   1.6091334167067550     
          10          12  0.94270150947959341     
          12          13  0.95370656228706074     
          12          14  0.97114114859387435     
          12          15  0.99332412259473557     
          15          16  0.91446233191591419     
          15          17   1.2946983543977764     
          15          18  0.19242026353231717     
          17          18   1.6282580870042620     
          17          19  0.94650479975078472     
          19          20   1.0234291388047796     
          20          21  0.96149613833710568     
          20          22  0.95282815738732118     
          19          23  0.94733252294590276     
          19          24  0.95227291058613484     
          24          25  0.96699238402310406     
          24          26  0.97293341752446016     
          24          27   1.0152865922780079     
          27          28   1.4065975540760105     
          28          29  0.96773964634557808     
          28          30   1.4505264633133537     
          30          31  0.97096476727824899     
          27          32  0.10889721886890766     
          30          32   1.4339912344650527     
          32          33  0.97139105975724527     
          28          34  0.11230416630776573     
          32          34   1.4431239584615136     
          34          35  0.97123845911595585     
          27          36   1.4116382161604670     
          30          36  0.10942370206774782     
          34          36   1.4385543045961846     
          36          37  0.96879799771911279     
