   -0.36988787
    0.35740865
   -0.37187551
    0.36246834
   -0.04194588
    0.08070821
    0.08468346
   -0.16342703
    0.18583548
    0.26858642
   -0.44903898
   -0.02264460
    0.07142355
    0.09190743
   -0.17404033
    0.20753897
    0.26920610
   -0.43712117
    0.02749654
   -0.35484184
    0.14711341
    0.15823869
    0.05257979
   -0.06929512
    0.05897038
    0.03629935
    0.01206643
   -0.03825719
    0.04577592
   -0.03250726
    0.02293622
   -0.03266729
    0.02529385
   -0.02848084
    0.03145590
   -0.03793165
    0.02596947
