           1           2   1.7802181681064344     
           1           3  0.18261204947010379     
           2           3   1.1946766268600915     
           3           4  0.78044204162468223     
           2           5  0.92551577288113296     
           5           6  0.97382492345044980     
           5           7  0.94839065074642381     
           5           8  0.98386692490093264     
           8           9  0.93919499385711713     
           8          10   1.2930219700615757     
           8          11  0.19137753416132020     
          10          11   1.6240914373089130     
          10          12  0.95267949894538451     
          12          13  0.94883059773069600     
          12          14  0.95368949611713405     
          12          15   1.0118642155433548     
          15          16  0.91031353124537651     
          15          17   1.2460263098072533     
          15          18  0.18818278584230411     
          17          18   1.6902669505383110     
          17          19  0.94374956100728202     
          19          20   1.0268633807071899     
          20          21  0.96208490583567707     
          20          22  0.94862297561310649     
          19          23  0.95047355480089801     
          19          24  0.94727246226476192     
          24          25  0.97006740608447473     
          24          26  0.97154761741732365     
          24          27   1.0169531012064597     
          27          28   1.4056926815013473     
          28          29  0.96710832298657956     
          28          30   1.4496017694942234     
          30          31  0.97037288159948343     
          27          32  0.10855516112629017     
          30          32   1.4331299328157212     
          32          33  0.97090810276470596     
          28          34  0.11229856309173415     
          32          34   1.4417006076974814     
          34          35  0.97124471375497712     
          27          36   1.4110879471824596     
          30          36  0.10857495340198023     
          34          36   1.4392327409132895     
          36          37  0.96759496089417674     
