   -0.37479594
    0.35873592
   -0.37731870
    0.36435138
   -0.03638357
    0.07300400
    0.07703992
   -0.16976952
    0.17940763
    0.26108518
   -0.45390852
    0.03427456
    0.03434922
   -0.33484511
    0.16167109
    0.14509271
   -0.06684384
    0.05618529
    0.06057675
   -0.03897492
   -0.01170059
    0.03328435
   -0.10653214
    0.16031580
    0.04235586
   -0.05309722
    0.02643626
   -0.03567646
    0.03270532
   -0.04182163
    0.03065860
   -0.03813000
    0.03158949
   -0.02332117
