           1           2   1.2001669208323675     
           1           3  0.18280400661343074     
           2           3   1.7733455572029986     
           1           4  0.76920578686769692     
           2           5  0.92726276994044310     
           5           6  0.97501667750792098     
           5           7  0.94902546250412856     
           5           8  0.98479410467970163     
           8           9  0.93766426369895317     
           8          10   1.2844055092606868     
           8          11  0.18619391120772599     
          10          11   1.6153116659834188     
          10          12  0.94442740869962605     
          12          13  0.95902016713477001     
          12          14   1.0300136302150031     
          14          15  0.95596582379413508     
          14          16  0.96328404251628541     
          12          17  0.94749090514947532     
          17          18  0.97006446286288794     
          17          19  0.96705367517673135     
          17          20   1.0206124613205922     
          20          21   1.5793690057210710     
          21          22  0.96967488631641419     
          21          23   1.1957662002155844     
          23          24  0.94655302045630385     
          23          25   1.1743130824177219     
          25          26   1.3370405932588183     
          26          27  0.96843109648729897     
          26          28   1.4953012783681479     
          28          29  0.97178086739742930     
          28          30   1.3701119115476372     
          30          31  0.97152936005375268     
          26          32  0.11405591338071856     
          30          32   1.5051439815746870     
          32          33  0.96769577559771025     
          20          34   1.2010391194416876     
          25          34   1.2508571210389035     
          32          34   1.3286743116655559     
