   -0.37272154
    0.35818564
   -0.37397530
    0.36231879
   -0.03847844
    0.07162076
    0.08135716
   -0.17275786
    0.23017063
    0.26719053
   -0.45318813
   -0.02618909
    0.07949457
    0.08201860
   -0.16802197
    0.20554530
    0.26089860
   -0.45284124
    0.03334878
   -0.35561608
    0.14198029
    0.15748374
    0.03442222
   -0.06709405
    0.04855103
    0.05644603
    0.01155581
   -0.04102980
    0.03167140
   -0.03068107
    0.03261584
   -0.03136074
    0.03345778
   -0.02875812
    0.03460751
   -0.03770650
    0.03547892
