           1           2   1.7786145551366812     
           1           3  0.18179148868614017     
           2           3   1.1945850159506608     
           3           4  0.77809444886199775     
           2           5  0.92512364420248139     
           5           6  0.95268182368434406     
           5           7  0.97354469891135231     
           5           8  0.99061969766017255     
           8           9  0.88132225517423990     
           8          10   1.3304268793309235     
           8          11  0.20511474848707395     
          10          11   1.6089383106347779     
          10          12  0.94305346221895203     
          12          13  0.95331990661518007     
          12          14  0.97109346468029134     
          12          15  0.99396711604642474     
          15          16  0.91447471596790131     
          15          17   1.2912612977495816     
          15          18  0.19445546371991385     
          17          18   1.6328925627435780     
          17          19  0.94602693905462343     
          19          20   1.0152529215515285     
          20          21  0.96601274922896718     
          20          22  0.95177775063145420     
          19          23  0.95448002474938320     
          19          24  0.95631325830070557     
          24          25  0.97357109178707701     
          24          26  0.96762699257064044     
          24          27   1.0097126620394330     
          27          28   1.4133721938732720     
          28          29  0.96818798172759302     
          28          30   1.4392018592845590     
          30          31  0.97104348715969413     
          27          32  0.10916589013749779     
          30          32   1.4429083720066402     
          32          33  0.97132084375412420     
          28          34  0.10981338030355640     
          32          34   1.4342006600989632     
          34          35  0.97091009309700937     
          27          36   1.4075357466892027     
          30          36  0.11203956106969017     
          34          36   1.4503025474949487     
          36          37  0.96893096463787487     
