   -0.37366912
    0.35819954
   -0.37448444
    0.36271785
   -0.03874439
    0.08159696
    0.07185603
   -0.17218141
    0.23066253
    0.26773795
   -0.45252182
   -0.02579499
    0.08154440
    0.07765284
   -0.16768296
    0.20572528
    0.26084573
   -0.45336948
    0.03311293
   -0.35550745
    0.14283977
    0.15706617
    0.03628076
   -0.06669560
    0.04701238
    0.05490307
    0.01141675
   -0.03777393
    0.03536274
   -0.02877866
    0.03477696
   -0.03123947
    0.03365104
   -0.03058106
    0.03295353
   -0.04092456
    0.03203410
