           1           2   1.7774528346943894     
           1           3  0.18191095281048938     
           2           3   1.1959768996508833     
           3           4  0.77560875102737170     
           2           5  0.92517118626761519     
           5           6  0.97364586328676550     
           5           7  0.95227247757609890     
           5           8  0.99059172164338416     
           8           9  0.88008788342566313     
           8          10   1.3321936245229424     
           8          11  0.20541772347500473     
          10          11   1.6080496610582020     
          10          12  0.94272841755078274     
          12          13  0.97157620112297283     
          12          14  0.95364425257113028     
          12          15  0.99349462280396350     
          15          16  0.91472900685392111     
          15          17   1.2920953193866300     
          15          18  0.19451027225228260     
          17          18   1.6315933230200550     
          17          19  0.94644709925700421     
          19          20   1.0163229542085390     
          20          21  0.96575923138521103     
          20          22  0.95194487295116059     
          19          23  0.95299410405357765     
          19          24  0.95623485669553665     
          24          25  0.97387233476130608     
          24          26  0.96783678128565753     
          24          27   1.0097139485437985     
          27          28   1.4080408769177097     
          28          29  0.96892765685870363     
          28          30   1.4498095266713598     
          30          31  0.97093034188591798     
          27          32  0.10906726184926918     
          30          32   1.4345399798546312     
          32          33  0.97129608924498356     
          28          34  0.11204680424059157     
          32          34   1.4427287627481538     
          34          35  0.97103402758577473     
          27          36   1.4130961592413485     
          30          36  0.10993798461220015     
          34          36   1.4394042148915107     
          36          37  0.96822448714610632     
