   -0.38218278
    0.35641980
   -0.37296190
    0.35515289
   -0.04084925
    0.10814333
    0.07758961
   -0.17446777
    0.19777101
    0.27106369
   -0.42080997
   -0.02416755
    0.07820354
    0.06586476
   -0.16034632
    0.20932743
    0.26589229
   -0.48525834
    0.02777692
   -0.35756464
    0.15553480
    0.15091640
    0.05551162
   -0.07442665
    0.07211624
    0.04079383
    0.01096411
   -0.03871355
    0.01872094
   -0.02756874
    0.03889430
   -0.02890329
    0.03524273
   -0.02742825
    0.03327402
   -0.03804589
    0.02852061
