           1           2   1.7669262228035878     
           1           3  0.17357526634478593     
           2           3   1.1813524430814073     
           3           4  0.79182544445432679     
           2           5  0.93775744956665275     
           5           6  0.94483332047376845     
           5           7  0.94799995448178276     
           5           8   1.0036351191665507     
           8           9  0.92127578616314332     
           8          10   1.2625264418901774     
           8          11  0.20588361423300236     
          10          11   1.6961461027756604     
          10          12  0.93027242997043502     
          12          13  0.97119385876730013     
          12          14  0.96468407287411773     
          12          15  0.98733444011266591     
          15          16  0.91204579517259821     
          15          17   1.3086528772264614     
          15          18  0.18051633752886995     
          17          18   1.5844161457392638     
          17          19  0.95082521156983102     
          19          20   1.0204657313583159     
          20          21  0.95252160758260418     
          20          22  0.96204187083071668     
          19          23  0.94387673365958979     
          19          24  0.96769709889786915     
          24          25  0.95100656118588178     
          24          26  0.97275657006413485     
          24          27   1.0123582717297186     
          27          28   1.4117011500023866     
          28          29  0.95913243250658642     
          28          30   1.4401431741643977     
          30          31  0.97053662907903882     
          27          32  0.10940051241361644     
          30          32   1.4411945865311937     
          32          33  0.97105673823137462     
          28          34  0.10986472902684410     
          32          34   1.4360067836317196     
          34          35  0.97091093944098328     
          27          36   1.4079520235754666     
          30          36  0.11179579911919757     
          34          36   1.4484730480552366     
          36          37  0.96909744789533880     
