   -0.36648382
    0.35811255
   -0.36766580
    0.36306580
   -0.04116336
    0.08263230
    0.08011933
   -0.16403341
    0.18673906
    0.26903900
   -0.44552887
   -0.01520212
    0.08066726
    0.07592245
   -0.18410561
    0.19408541
    0.26094087
   -0.43786146
    0.03277550
   -0.33564938
    0.16058682
    0.14102744
    0.03305113
   -0.07091013
    0.05964802
    0.05318642
    0.00529044
   -0.04053015
    0.02920529
   -0.03274128
    0.02765073
   -0.03500585
    0.04696803
   -0.02823018
    0.03512890
   -0.04094227
    0.03021091
