           1           2   1.7830364018972902     
           1           3  0.18285354146389110     
           2           3   1.1950912010105244     
           3           4  0.78341371545687244     
           2           5  0.92255023038591466     
           5           6  0.97350200668056408     
           5           7  0.95433271015410237     
           5           8  0.98561223329546876     
           8           9  0.93890344273893400     
           8          10   1.2890550414871353     
           8          11  0.18979148181933445     
          10          11   1.6212726299165048     
          10          12  0.97149636268110118     
          12          13  0.94809065630220335     
          12          14  0.94148482357234864     
          12          15   1.0081797032093578     
          15          16  0.91860290670972233     
          15          17   1.2390558320712250     
          15          18  0.19043427178170416     
          17          18   1.6917003591257351     
          17          19  0.93487448193851685     
          19          20   1.0268044651339949     
          20          21  0.95581070989122430     
          20          22  0.96453619276330693     
          19          23  0.96210770687633940     
          19          24  0.95212114701635953     
          24          25  0.96615753937460347     
          24          26  0.97225716709839038     
          24          27   1.0135158953635488     
          27          28   1.4108611992906690     
          28          29  0.96900097624503090     
          28          30   1.4457232901635029     
          30          31  0.97125746681530689     
          27          32  0.11012997416793795     
          30          32   1.4382580775811600     
          32          33  0.96855232612795805     
          28          34  0.11083717661669817     
          32          34   1.4365644769546697     
          34          35  0.97087696943967772     
          27          36   1.4097388928992165     
          30          36  0.11036182492162433     
          34          36   1.4464737463562463     
          36          37  0.96949141815500584     
