   -0.37282520
    0.35667726
   -0.37706118
    0.36206025
   -0.03915878
    0.08237876
    0.07741095
   -0.17315616
    0.22848787
    0.26716731
   -0.45340342
   -0.02575505
    0.07896518
    0.08119560
   -0.16944393
    0.20552283
    0.26590561
   -0.45207648
    0.03214636
   -0.35527814
    0.14586324
    0.15299236
    0.03693760
   -0.06849453
    0.05372353
    0.04551136
    0.00914125
   -0.03958464
    0.04962273
   -0.02823942
    0.03443051
   -0.03169622
    0.03154927
   -0.03017424
    0.03108525
   -0.03898578
    0.02655808
