           1           2   1.7802561077847330     
           1           3  0.18075983724194750     
           2           3   1.1884310886676124     
           3           4  0.78225674339680862     
           2           5  0.92707224431571389     
           5           6  0.97301036485367598     
           5           7  0.95376185421628690     
           5           8  0.99004193509505933     
           8           9  0.88403195086093533     
           8          10   1.3258218363854217     
           8          11  0.20423633270714114     
          10          11   1.6121819101030286     
          10          12  0.94155078570543460     
          12          13  0.95761084083684112     
          12          14  0.97093799395105906     
          12          15  0.99282950067630960     
          15          16  0.91831891175662328     
          15          17   1.2852041144371842     
          15          18  0.19143125189960361     
          17          18   1.6356262883457058     
          17          19  0.94965726674189155     
          19          20   1.0115203790345819     
          20          21  0.96389996064961903     
          20          22  0.95869832072493710     
          19          23  0.95756041869850983     
          19          24  0.95999054056422173     
          24          25  0.96826602036862019     
          24          26  0.96453073100397002     
          24          27   1.0105765700081413     
          27          28   1.4091838847371998     
          28          29  0.96579899698624894     
          28          30   1.4492200029873255     
          30          31  0.97096796836262478     
          27          32  0.10972600447844011     
          30          32   1.4355710133765194     
          32          33  0.97140181783206514     
          28          34  0.11268744427470197     
          32          34   1.4423587467346688     
          34          35  0.97115372511179521     
          27          36   1.4183655102414905     
          30          36  0.11034445844563248     
          34          36   1.4400862115701716     
          36          37  0.96881395378281876     
