           2           7  0.19525139246622156     
           3           8  0.20338963890526293     
           4           9  0.19338082041853505     
           5          10  0.19862188819463428     
           6          11  0.19325121906629536     
           1          12  0.19511597622514432     
           1          13   1.6572955183305798     
          12          13   1.2621903975806092     
           7          14  0.96858963707878742     
          13          14  0.93315323270926276     
          14          15  0.98067119625533750     
          15          16   1.0045353819651890     
           7          17  0.97704605619857376     
          16          17   1.0041721775361898     
           2          18   1.6118796393192167     
           7          18   1.2996884381920566     
           8          19  0.97598898233266507     
          18          19  0.93095298957906147     
          19          20   1.0006848818649166     
           3          21   1.6244702288306401     
           8          21   1.3236135792029933     
           9          22  0.99196867873883365     
          21          22  0.92132718306807992     
          22          23  0.99706759536446077     
           4          24   1.6994473588647978     
           9          24   1.2385274374626414     
          10          25  0.97530154734870167     
          24          25  0.93240526532360146     
          25          26  0.99822058510044787     
           5          27   1.6126715175731063     
          10          27   1.3255068422279017     
          11          28  0.97161348404795289     
          27          28  0.92596976200346126     
          28          29   1.0090858502889590     
           6          30   1.6439864307374912     
          11          30   1.2905373434273093     
          12          31  0.96553959056792948     
          30          31  0.93810811012759443     
          31          32  0.98000875645415819     
          32          33   1.0039094311982608     
          12          34  0.98117603883426974     
          33          34   1.0033056915215661     
          14          35  0.95723659286785689     
          15          36  0.97816986183783650     
          15          37  0.97752975128181074     
          16          38  0.97653700872895421     
          16          39  0.97674939190237420     
          17          40  0.96556595671296319     
          17          41  0.94725804114247569     
           8          42  0.85574871000069752     
          19          43  0.95612895379216312     
          20          44  0.98534275682745243     
          20          45  0.98394318993832153     
          20          46  0.97678882993736105     
           9          47  0.92715488604647112     
          22          48  0.94393351615153254     
          23          49  0.98535281370346817     
          23          50  0.97872364823729840     
          23          51  0.98471049279646317     
          10          52  0.89962365264267496     
          25          53  0.95222984183261616     
          26          54  0.98435161354383416     
          26          55  0.98335103488710796     
          26          56  0.98083739999922581     
          11          57  0.90103969212810453     
          28          58  0.95242156094953812     
          29          59  0.98160775457780525     
          29          60  0.97925489197891546     
          29          61  0.98577420562539519     
          31          62  0.95473080613030792     
          32          63  0.97706227717317184     
          32          64  0.97641182508946589     
          33          65  0.97895567382177739     
          33          66  0.97674617301031197     
          34          67  0.96573843077517063     
          34          68  0.97117089102833420     
