           2           7  0.19480525884778410     
           3           8  0.20435201292931457     
           4           9  0.19439080922680424     
           5          10  0.19741216000166009     
           6          11  0.19616094200820447     
           1          12  0.19539553254587483     
           1          13   1.6483183334306406     
          12          13   1.2700023368539863     
           7          14  0.96082340985055903     
          13          14  0.93687323445530490     
          14          15  0.98298417631922241     
          15          16   1.0032406544456722     
           7          17  0.97949619975070024     
          16          17   1.0057668678215677     
           2          18   1.6049371845910052     
           7          18   1.3016587685202730     
           8          19  0.97667769949465177     
          18          19  0.93322566705784671     
          19          20   1.0023109450796639     
           3          21   1.6480386283322495     
           8          21   1.3084667156470733     
           9          22  0.99070366425478618     
          21          22  0.91701680573421429     
          22          23  0.99988424892870165     
           4          24   1.6990506939345624     
           9          24   1.2401379627829443     
          10          25  0.97448428761852124     
          24          25  0.93132379011005484     
          25          26  0.99854011166606882     
           5          27   1.6121036114939562     
          10          27   1.3214102414055653     
          11          28  0.97308164947137665     
          27          28  0.92843785800500445     
          28          29   1.0078883823040223     
           6          30   1.6571029255691090     
          11          30   1.2836206344330119     
          12          31  0.96886223865762600     
          30          31  0.93154028400790800     
          31          32  0.98129397462460410     
          32          33   1.0054647082065689     
          12          34  0.97900513139707168     
          33          34   1.0027851668011787     
          14          35  0.95790013804966456     
          15          36  0.97900458902040799     
          15          37  0.97443567371197504     
          16          38  0.97857200437884173     
          16          39  0.97614938308025601     
          17          40  0.95985245583398648     
          17          41  0.96295730778458821     
           8          42  0.85643156627438766     
          19          43  0.94897176672066685     
          20          44  0.98338902022163999     
          20          45  0.97586438067087089     
          20          46  0.98547434126588662     
           9          47  0.92654539148725568     
          22          48  0.94400206795226183     
          23          49  0.98438609140496414     
          23          50  0.98553497286309044     
          23          51  0.97827057481718438     
          10          52  0.91423412610491361     
          25          53  0.95242336203611921     
          26          54  0.98396601820156493     
          26          55  0.98328718752679700     
          26          56  0.98059476148369418     
          11          57  0.90029238011204282     
          28          58  0.95022002234795178     
          29          59  0.98030207091609500     
          29          60  0.98570275140448371     
          29          61  0.98144503016635620     
          31          62  0.95455861384379337     
          32          63  0.97669507027045621     
          32          64  0.97562984019774335     
          33          65  0.97707064244812603     
          33          66  0.97720868833646612     
          34          67  0.96448067719669961     
          34          68  0.96871255669168110     
