   -0.35562615
    0.35632924
   -0.37312601
    0.33008324
   -0.02963431
    0.07455375
    0.08641827
   -0.18833033
    0.19175966
    0.26470032
   -0.43516594
    0.02436277
    0.05919886
   -0.34298582
    0.14470481
    0.14025047
   -0.06449584
    0.05637705
    0.05506887
   -0.03530569
   -0.00871800
    0.03166485
   -0.09886401
    0.16369940
    0.04590192
   -0.05193674
    0.02763745
   -0.04204251
    0.02509569
   -0.04940642
    0.02288973
   -0.03993687
    0.03919366
   -0.02431537
