           1           2   1.1415752154023824     
           1           3  0.16225457401702867     
           2           3   1.7759790329111436     
           1           4  0.86891736926944341     
           2           5  0.96312338244825901     
           5           6  0.93899130305812450     
           5           7  0.94499825804293014     
           5           8   1.0103451855008949     
           8           9  0.91236462260990114     
           8          10   1.2265681187246960     
           8          11  0.18562091723935614     
          10          11   1.6982525643694630     
          10          12  0.93815368454650194     
          12          13  0.95596277219857317     
          12          14   1.0240248048158171     
          14          15  0.95367380015221281     
          14          16  0.96509489949890681     
          12          17  0.95187471352675646     
          17          18  0.96796418830768460     
          17          19  0.97081252739561352     
          17          20   1.0204577054842139     
          20          21   1.5766710809270368     
          21          22  0.96848041831283571     
          21          23   1.1965663902988233     
          23          24  0.94531424151025334     
          23          25   1.1831454096727043     
          25          26   1.3356896161357801     
          26          27  0.96836023636405399     
          26          28   1.4949829300956019     
          28          29  0.97215839665240444     
          28          30   1.3697866622525132     
          30          31  0.97194938716960522     
          26          32  0.11326566541582893     
          30          32   1.5028574427534622     
          32          33  0.96711035612026408     
          20          34   1.2020712527600153     
          25          34   1.2466086836413253     
          32          34   1.3309354735705436     
