   -0.37310961
    0.35670379
   -0.37754249
    0.36179459
   -0.03910725
    0.07773007
    0.08223286
   -0.17353201
    0.22969616
    0.26781067
   -0.45397734
   -0.02602647
    0.08157696
    0.07886673
   -0.16936996
    0.20589161
    0.26146262
   -0.45178410
    0.02873002
   -0.35554763
    0.15427032
    0.15018397
    0.05551308
   -0.07081603
    0.04172732
    0.06433329
    0.01038550
   -0.03928734
    0.03132672
   -0.02960310
    0.03151175
   -0.03241036
    0.03096313
   -0.03101258
    0.03118814
   -0.03927025
    0.02849721
