           1           2   1.7801948463941395     
           1           3  0.18046287712765091     
           2           3   1.1871825203241950     
           3           4  0.78345602177904083     
           2           5  0.92767615090758493     
           5           6  0.95412523078880784     
           5           7  0.97284516881279615     
           5           8  0.99012498275256178     
           8           9  0.88250516134424950     
           8          10   1.3252865580378717     
           8          11  0.20386126134610852     
          10          11   1.6121940269804504     
          10          12  0.94185369706231969     
          12          13  0.97108314131183848     
          12          14  0.95803030509300080     
          12          15  0.99109837700324932     
          15          16  0.91440373336498548     
          15          17   1.2892419878519645     
          15          18  0.19221484242412157     
          17          18   1.6355595417216107     
          17          19  0.94519812272409920     
          19          20   1.0190458584035236     
          20          21  0.95873151527041867     
          20          22  0.96139148745959646     
          19          23  0.94415398587781130     
          19          24  0.95975850675806151     
          24          25  0.97282201642262267     
          24          26  0.96461826536846784     
          24          27   1.0139455049427746     
          27          28   1.4063801139060348     
          28          29  0.96934176854787935     
          28          30   1.4507971317616533     
          30          31  0.97109755227077987     
          27          32  0.10910010372411136     
          30          32   1.4340482273786059     
          32          33  0.97148740861720950     
          28          34  0.11199422013974991     
          32          34   1.4425288494630324     
          34          35  0.97119765613330622     
          27          36   1.4143775970677721     
          30          36  0.10985831306978588     
          34          36   1.4404276784646766     
          36          37  0.96904598368737438     
