           1           2   1.7659749443066306     
           1           3  0.18076803220278448     
           2           3   1.1986639926318752     
           3           4  0.77387734208089742     
           2           5  0.92868156596667539     
           5           6  0.95158578568102592     
           5           7  0.97306828801848588     
           5           8  0.99077031753946865     
           8           9  0.87383390388472737     
           8          10   1.3333883387409990     
           8          11  0.20485868989173070     
          10          11   1.6068102561343067     
          10          12  0.94274262950880561     
          12          13  0.97167622156955180     
          12          14  0.95500702055058628     
          12          15  0.99283779411398321     
          15          16  0.91257847676225889     
          15          17   1.2943706214435835     
          15          18  0.19140499322823673     
          17          18   1.6271133827390305     
          17          19  0.94761671853090079     
          19          20   1.0216316979139071     
          20          21  0.96113370702066636     
          20          22  0.95239348749089425     
          19          23  0.94445112186840974     
          19          24  0.95622612856248568     
          24          25  0.96725896814484147     
          24          26  0.97300887723087892     
          24          27   1.0138533218212697     
          27          28   1.4095190081088902     
          28          29  0.96810286922805422     
          28          30   1.4484826618652706     
          30          31  0.96457428859925598     
          27          32  0.10876453445499727     
          30          32   1.4345884387105696     
          32          33  0.97113848186533946     
          28          34  0.11155217376642741     
          32          34   1.4429671662213541     
          34          35  0.97129122730434336     
          27          36   1.4100844938874388     
          30          36  0.11048897232374932     
          34          36   1.4391606122975087     
          36          37  0.96899068114562792     
