   -0.45532109
   -0.48026686
   -0.46452198
   -0.42424943
   -0.44843776
   -0.45522522
   -0.08434755
   -0.18813890
   -0.19083472
   -0.16734718
   -0.18400210
   -0.10584386
    0.26831151
    0.02609715
   -0.05661132
   -0.06008679
   -0.01242882
    0.25945032
    0.03114139
   -0.11446074
    0.26343600
    0.01914374
   -0.11372095
    0.27886281
    0.03217040
   -0.11339866
    0.27415063
    0.02668842
   -0.11392283
    0.27333930
    0.02127382
   -0.06169986
   -0.06571113
   -0.00080258
    0.04284521
    0.04350596
    0.04651947
    0.04915537
    0.06562129
    0.04349818
    0.09683671
    0.23238753
    0.06185865
    0.08028495
    0.04872509
    0.04686996
    0.19437785
    0.06056355
    0.07652928
    0.04852181
    0.04949933
    0.21236725
    0.04865736
    0.05869881
    0.04768811
    0.06792835
    0.21814290
    0.06960458
    0.07023995
    0.04580792
    0.06223034
    0.07503550
    0.05200599
    0.05978704
    0.05228298
    0.05568720
    0.05906934
    0.04448105
