           2           7  0.19519655051039975     
           3           8  0.20295180836513274     
           4           9  0.19385043019876252     
           5          10  0.19769922938409437     
           6          11  0.19443433365347834     
           1          12  0.19327730436238039     
           1          13   1.6569579888649590     
          12          13   1.2591746629181324     
           7          14  0.96482400849153116     
          13          14  0.93509436779218236     
          14          15  0.98103816081441098     
          15          16   1.0048161965720905     
           7          17  0.97568662377499948     
          16          17   1.0037461662432607     
           2          18   1.6012389456575558     
           7          18   1.3074552916914233     
           8          19  0.97553164584997010     
          18          19  0.93153708782253120     
          19          20   1.0004854237753356     
           3          21   1.6281366272534135     
           8          21   1.3204316632905855     
           9          22  0.99180610961654581     
          21          22  0.92132856969293397     
          22          23  0.99704044427042648     
           4          24   1.6989694242946634     
           9          24   1.2395946376288005     
          10          25  0.97440382128760783     
          24          25  0.93208668172089248     
          25          26  0.99855158665448940     
           5          27   1.6174768084487445     
          10          27   1.3180562214828206     
          11          28  0.97071727683541498     
          27          28  0.92646437997271402     
          28          29   1.0090072916496811     
           6          30   1.6450115764984914     
          11          30   1.2927946150607699     
          12          31  0.97105380275603148     
          30          31  0.93272005611503295     
          31          32  0.98043403961497311     
          32          33   1.0057129357513583     
          12          34  0.98013026311311191     
          33          34   1.0027876961759532     
          14          35  0.95757227039636272     
          15          36  0.97817009552156753     
          15          37  0.97707617217826570     
          16          38  0.97639040435233926     
          16          39  0.97581639331396186     
          17          40  0.96588360033733911     
          17          41  0.94697678456377765     
           8          42  0.85859683008543819     
          19          43  0.95642198651770671     
          20          44  0.97659606305775326     
          20          45  0.98514905025504373     
          20          46  0.98399378691366701     
           9          47  0.92700209106875275     
          22          48  0.94334958585300055     
          23          49  0.97858691121297015     
          23          50  0.98467242409818168     
          23          51  0.98540013157708617     
          10          52  0.90733921582505128     
          25          53  0.95229497181931566     
          26          54  0.98096150989070852     
          26          55  0.98407942264140069     
          26          56  0.98328023270577036     
          11          57  0.89529532920823285     
          28          58  0.95271819552418735     
          29          59  0.97941542745480981     
          29          60  0.98567580106731534     
          29          61  0.98168128359463924     
          31          62  0.95297427588061379     
          32          63  0.97646243276049582     
          32          64  0.97535389536989980     
          33          65  0.97727105877309428     
          33          66  0.97778809484409646     
          34          67  0.96602891806303748     
          34          68  0.96926009628014409     
