   -0.37331585
    0.35760495
   -0.37396837
    0.36403039
   -0.03913045
    0.07980176
    0.07772639
   -0.16741196
    0.18209156
    0.26937639
   -0.44923060
    0.03339946
    0.03710316
   -0.34240607
    0.14984159
    0.16170932
   -0.06370920
    0.03713479
    0.04574643
   -0.03004164
   -0.00801667
    0.03156199
   -0.10526818
    0.15935213
    0.04551797
   -0.05191365
    0.02517578
   -0.03499118
    0.03022667
   -0.04064005
    0.02794212
   -0.03618348
    0.02076574
   -0.01988123
