           1           2   1.1977639208597781     
           1           3  0.18288266147562721     
           2           3   1.7768183788136791     
           1           4  0.77486319005554249     
           2           5  0.92535982851356013     
           5           6  0.95341109935063373     
           5           7  0.97430741586896108     
           5           8  0.98639198885583501     
           8           9  0.93891549504933858     
           8          10   1.2839794652888969     
           8          11  0.18796359076107252     
          10          11   1.6173438481008271     
          10          12  0.95778498053934447     
          12          13  0.95965507462227839     
          12          14   1.0308018314345757     
          14          15  0.95476977337296864     
          14          16  0.95506600530333163     
          12          17  0.93058138489792031     
          17          18  0.97006825733394519     
          17          19  0.97366368984061102     
          17          20   1.0206652614626464     
          20          21   1.5744936190848242     
          21          22  0.96940309975424244     
          21          23   1.1946106108904468     
          23          24  0.94691765741974643     
          23          25   1.1760892830790735     
          25          26   1.3378327230790261     
          26          27  0.96849036307045666     
          26          28   1.4945888088090453     
          28          29  0.97193867524608979     
          28          30   1.3711567174157695     
          30          31  0.97174206478845482     
          26          32  0.11381913083192430     
          30          32   1.5052554481014477     
          32          33  0.96915771499655112     
          20          34   1.2004177662470641     
          25          34   1.2498006031473212     
          32          34   1.3313951620902502     
