           2           7  0.20135858980359161     
           3           8  0.19053540343420114     
           4           9  0.18726172987063788     
           5          10  0.20231456022315705     
           6          11  0.19935971516011070     
           1          12  0.19536689082503378     
           1          13   1.5906767439733933     
          12          13   1.3104547119782752     
           7          14  0.98165144546706107     
          13          14  0.94111173915680790     
          14          15  0.97605997331836691     
          15          16   1.0033472600531748     
           7          17  0.97491786853918172     
          16          17   1.0070859026387387     
           2          18   1.6684163629130719     
           7          18   1.2679183831967897     
           8          19  0.96481281395817675     
          18          19  0.92785877842836850     
          19          20   1.0002905443620900     
           3          21   1.6430261768253849     
           8          21   1.2920090288136687     
           9          22  0.99608195547526401     
          21          22  0.92427556235488728     
          22          23  0.99825852632641976     
           4          24   1.7101656034157497     
           9          24   1.2288151360387192     
          10          25  0.97871529440008254     
          24          25  0.92912116948326051     
          25          26  0.99718131196181903     
           5          27   1.6300217179920415     
          10          27   1.3208072416158738     
          11          28  0.97310314005543808     
          27          28  0.92419888110062398     
          28          29  0.99216673442232250     
           6          30   1.6355894075670778     
          11          30   1.3110460936989963     
          12          31  0.95934897872174896     
          30          31  0.92226040847301394     
          31          32  0.99836616378871634     
          32          33   1.0044672750030657     
          12          34  0.97747380012609675     
          33          34   1.0034659138471227     
          14          35  0.94546791590561985     
          15          36  0.97561630019765744     
          15          37  0.97816741563804066     
          16          38  0.97879116017627554     
          16          39  0.97659895666638186     
          17          40  0.96619650869659812     
          17          41  0.96625189234380104     
           8          42  0.93124550964799002     
          19          43  0.94682385777010580     
          20          44  0.98104963627322594     
          20          45  0.97702391325014692     
          20          46  0.98246958190257572     
           9          47  0.92852166320184026     
          22          48  0.93967013196641069     
          23          49  0.98138497478309095     
          23          50  0.98529760017030243     
          23          51  0.98234370351761102     
          10          52  0.87687332843577204     
          25          53  0.95396269513432108     
          26          54  0.98473030218689050     
          26          55  0.98411987577816284     
          26          56  0.98122593226351618     
          11          57  0.89644614052866378     
          28          58  0.96498264517244148     
          29          59  0.98375946984096618     
          29          60  0.98371527452032237     
          29          61  0.97960691291821378     
          31          62  0.95235212731854002     
          32          63  0.97805005662780453     
          32          64  0.97127161154944919     
          33          65  0.97830323730132118     
          33          66  0.97469351224168443     
          34          67  0.95939074460092388     
          34          68  0.96616367020404814     
