   -0.37454355
    0.35896445
   -0.38140026
    0.36737727
   -0.03897817
    0.07622725
    0.07177074
   -0.16445459
    0.20397457
    0.26588761
   -0.45797694
    0.02773901
    0.05508450
   -0.36022649
    0.14889193
    0.15343020
   -0.06494560
    0.03462171
    0.06161782
   -0.03582020
   -0.01378355
    0.02205078
   -0.11146518
    0.15579655
    0.04372814
   -0.05338915
    0.02260452
   -0.03143861
    0.03257169
   -0.03509549
    0.03847948
   -0.03719253
    0.04222040
   -0.02232828
