           1           2   1.2076154179021028     
           1           3  0.18330357756320195     
           2           3   1.7692454839229397     
           1           4  0.76058148337203635     
           2           5  0.92403447260684635     
           5           6  0.97486809313692868     
           5           7  0.95260796623992683     
           5           8  0.99006676072173294     
           8           9  0.91329110507586619     
           8          10   1.3097779555501812     
           8          11  0.19068340940170384     
          10          11   1.6025799109152077     
          10          12  0.95210466417223782     
          12          13  0.94885154867379085     
          12          14   1.0226377301117688     
          14          15  0.96256397314773723     
          14          16  0.94616967282227482     
          12          17  0.94828214053780879     
          17          18  0.97218415636911693     
          17          19  0.96838811101202849     
          17          20   1.0217264004584188     
          20          21   1.5711791336453607     
          21          22  0.96870595294268325     
          21          23   1.1904619513962009     
          23          24  0.94795042401181973     
          23          25   1.1700543635921241     
          25          26   1.3362874176798747     
          26          27  0.96859747864666224     
          26          28   1.4954129458676024     
          28          29  0.97170685702167647     
          28          30   1.3716388865529789     
          30          31  0.97087189652059958     
          26          32  0.11589091188496096     
          30          32   1.5069012027692832     
          32          33  0.96489684882993054     
          20          34   1.1995769452679497     
          25          34   1.2557754119462532     
          32          34   1.3290958467217910     
