   -0.37261281
    0.35864181
   -0.37294122
    0.36246320
   -0.03938174
    0.07189567
    0.08332864
   -0.16987352
    0.22524460
    0.26762431
   -0.44975137
   -0.02667326
    0.08471377
    0.08216004
   -0.16628581
    0.18519960
    0.26937900
   -0.43971979
    0.03265213
   -0.34416545
    0.15265315
    0.15140497
    0.03335989
   -0.06936579
    0.03871292
    0.05398865
    0.00807326
   -0.03677929
    0.04285368
   -0.03318912
    0.03452447
   -0.03451236
    0.03342639
   -0.03152561
    0.03175621
   -0.04237922
    0.02509999
