           1           2   1.7776940144525200     
           1           3  0.18195739180213169     
           2           3   1.1955140264456889     
           3           4  0.77840490282218688     
           2           5  0.92560265849984724     
           5           6  0.95226837333141423     
           5           7  0.96950854797331965     
           5           8  0.98947899894522229     
           8           9  0.89136513588173361     
           8          10   1.3270913938210274     
           8          11  0.20485207605425473     
          10          11   1.6120006560412157     
          10          12  0.94381871464199563     
          12          13  0.95381590788785853     
          12          14  0.97123115388834425     
          12          15  0.98949862469167782     
          15          16  0.93795368514243804     
          15          17   1.2768377884319047     
          15          18  0.19531905313210460     
          17          18   1.6545546886796871     
          17          19  0.94147502221072132     
          19          20   1.0131715397798138     
          20          21  0.96196887971182377     
          20          22  0.95968152564907561     
          19          23  0.95969941620867194     
          19          24  0.96196702289643909     
          24          25  0.96657979569901264     
          24          26  0.97312404716982370     
          24          27   1.0108633807997665     
          27          28   1.4142527651646382     
          28          29  0.96777763352429458     
          28          30   1.4424368426206091     
          30          31  0.96943540481069834     
          27          32  0.10950689357574936     
          30          32   1.4389598293837471     
          32          33  0.97129449830080927     
          28          34  0.11048908933234065     
          32          34   1.4364878120294977     
          34          35  0.97112487191542018     
          27          36   1.4095242072088612     
          30          36  0.11101935055638268     
          34          36   1.4479151089523215     
          36          37  0.96929995213091680     
