   -0.37790048
    0.35606310
   -0.37707170
    0.35135425
   -0.04225668
    0.10979959
    0.07818090
   -0.17693435
    0.20040597
    0.27045766
   -0.41538786
   -0.02706011
    0.07945568
    0.06592244
   -0.15478920
    0.21050617
    0.26182402
   -0.48567529
    0.03315821
   -0.35568926
    0.14212352
    0.15909170
    0.03671747
   -0.07013135
    0.05044490
    0.06437599
    0.01273988
   -0.03751098
    0.03723431
   -0.02870392
    0.03439885
   -0.03146023
    0.03275728
   -0.03076054
    0.03227385
   -0.04086062
    0.03290683
