           1           2   1.7730686478426647     
           1           3  0.17235868402858467     
           2           3   1.1733202300101775     
           3           4  0.79492479329532562     
           2           5  0.93776225656327028     
           5           6  0.94525494259087384     
           5           7  0.94883435899274060     
           5           8   1.0047470381135684     
           8           9  0.91722228992840205     
           8          10   1.2601307232662529     
           8          11  0.20589038406179005     
          10          11   1.7038481368249332     
          10          12  0.92850793209003557     
          12          13  0.97149451849317425     
          12          14  0.96380226764149468     
          12          15  0.98827021152141237     
          15          16  0.91245983634159422     
          15          17   1.3201378425596741     
          15          18  0.18434290087452310     
          17          18   1.5796937214069160     
          17          19  0.95266963018772499     
          19          20   1.0165233920334380     
          20          21  0.96598046242916491     
          20          22  0.95086381162499922     
          19          23  0.95264316238321867     
          19          24  0.95238348573603548     
          24          25  0.97341057698316980     
          24          26  0.96505528796568019     
          24          27   1.0092178913653300     
          27          28   1.4075070910146763     
          28          29  0.96881143283706972     
          28          30   1.4503574176115506     
          30          31  0.97092980581098576     
          27          32  0.10908593873325538     
          30          32   1.4340930600827160     
          32          33  0.97135522844146616     
          28          34  0.11208725093055796     
          32          34   1.4430456490072645     
          34          35  0.97106328004659592     
          27          36   1.4132799533630882     
          30          36  0.10979745328216831     
          34          36   1.4389132751273288     
          36          37  0.96806314082377654     
