   -0.38170994
    0.35860502
   -0.37911789
    0.36558006
   -0.03881126
    0.07673632
    0.07479116
   -0.16540495
    0.20144277
    0.26462197
   -0.45746748
    0.02685996
    0.06395621
   -0.35572514
    0.15196880
    0.14688594
   -0.05710287
    0.02985830
    0.04267552
   -0.03018164
    0.00023468
    0.03796147
   -0.09594179
    0.16194171
    0.04664451
   -0.05157412
    0.02396528
   -0.03676854
    0.02705490
   -0.04198546
    0.02427525
   -0.03724369
    0.01960380
   -0.01662889
