           1           2   1.1993004044998727     
           1           3  0.18247287347342062     
           2           3   1.7732474569005821     
           1           4  0.76184205478424571     
           2           5  0.92719517267832163     
           5           6  0.97459425922828646     
           5           7  0.95225438271081908     
           5           8  0.98986657457456584     
           8           9  0.91900645310330076     
           8          10   1.2983566254917893     
           8          11  0.18906478514659872     
          10          11   1.6025224775687910     
          10          12  0.95750783572631493     
          12          13  0.95384310940264005     
          12          14   1.0173470308224315     
          14          15  0.96299027689859340     
          14          16  0.96137443506706077     
          12          17  0.94485691603545097     
          17          18  0.97476477548477525     
          17          19  0.96724737549898276     
          17          20   1.0200232975349792     
          20          21   1.5743952489595390     
          21          22  0.96890046636287885     
          21          23   1.2049577179988737     
          23          24  0.94605896998927297     
          23          25   1.1783355847575117     
          25          26   1.3400589524411437     
          26          27  0.96854617060665393     
          26          28   1.4922910092547585     
          28          29  0.97217633676873949     
          28          30   1.3721025490359049     
          30          31  0.97197544503889399     
          26          32  0.11267068259617022     
          30          32   1.5031176915968019     
          32          33  0.96918925018942925     
          20          34   1.2047673465017117     
          25          34   1.2447054640495721     
          32          34   1.3327023799658919     
