   -0.37420592
    0.35945260
   -0.38115152
    0.36674884
   -0.03902004
    0.07512620
    0.07253305
   -0.16057813
    0.20502025
    0.26755939
   -0.45806143
    0.03245165
    0.03163466
   -0.35158252
    0.14148496
    0.15080252
   -0.06048794
    0.04194102
    0.05474754
   -0.03788081
   -0.01100419
    0.02996818
   -0.10790160
    0.15657710
    0.04282589
   -0.05041364
    0.02510563
   -0.02781909
    0.03568640
   -0.03298782
    0.03639397
   -0.03706403
    0.02944806
   -0.02534921
