           1           2   1.2058566912336368     
           1           3  0.18245307519805834     
           2           3   1.7701419451137430     
           1           4  0.76293764945944909     
           2           5  0.92304352697867409     
           5           6  0.97484916904727492     
           5           7  0.95259004257413582     
           5           8  0.99221677712015821     
           8           9  0.91647416424047834     
           8          10   1.3092811430984197     
           8          11  0.19345930742929168     
          10          11   1.6046087845864105     
          10          12  0.95364222867490034     
          12          13  0.95471520540436383     
          12          14   1.0137314589386586     
          14          15  0.96607921735746094     
          14          16  0.95986083770477315     
          12          17  0.95403619246078375     
          17          18  0.96687754685507232     
          17          19  0.97118918384603137     
          17          20   1.0183552689392066     
          20          21   1.5781042568154580     
          21          22  0.96954804485406920     
          21          23   1.1956591767546221     
          23          24  0.94777052613583734     
          23          25   1.1693627354299923     
          25          26   1.3372765588927109     
          26          27  0.96847397045757178     
          26          28   1.4957215945487450     
          28          29  0.97150555400467054     
          28          30   1.3711050789611996     
          30          31  0.97109623877082973     
          26          32  0.11567325796391602     
          30          32   1.5075970655745974     
          32          33  0.96762008630919949     
          20          34   1.2004105863173480     
          25          34   1.2553100202895311     
          32          34   1.3283016981403086     
