   -0.37371917
    0.35765700
   -0.37398139
    0.36336027
   -0.03711422
    0.07623861
    0.07666302
   -0.17218326
    0.18086539
    0.25615615
   -0.45436349
    0.03381528
    0.04211812
   -0.33178517
    0.15985423
    0.14436144
   -0.05938131
    0.03659020
    0.04984657
   -0.02646574
   -0.00133843
    0.04008507
   -0.09936228
    0.16001993
    0.04492607
   -0.05172460
    0.02476318
   -0.03640420
    0.02899366
   -0.04174349
    0.02604367
   -0.03731265
    0.01450720
   -0.01998568
