           1           2   1.1973410094428070     
           1           3  0.18276807332661088     
           2           3   1.7771528122315419     
           1           4  0.77465442031979415     
           2           5  0.92491304157977161     
           5           6  0.97431859762790585     
           5           7  0.95419850287184238     
           5           8  0.98607120356923428     
           8           9  0.93968594377854575     
           8          10   1.2793145522027172     
           8          11  0.18569995125021663     
          10          11   1.6178793732086836     
          10          12  0.94284965429693823     
          12          13  0.95593787864423896     
          12          14   1.0340291027662980     
          14          15  0.95621747869521634     
          14          16  0.96401103393425314     
          12          17  0.94747782656746693     
          17          18  0.97034845292540672     
          17          19  0.97256959265055254     
          17          20   1.0159500992234487     
          20          21   1.5798493287781297     
          21          22  0.96919123353413938     
          21          23   1.2006459736469406     
          23          24  0.94667574714768732     
          23          25   1.1776479844963934     
          25          26   1.3399902648264681     
          26          27  0.96850455171588556     
          26          28   1.4925982790426151     
          28          29  0.97205234772053128     
          28          30   1.3718325591737657     
          30          31  0.97187265434796788     
          26          32  0.11272919389749581     
          30          32   1.5036300776446989     
          32          33  0.96912459754183622     
          20          34   1.2045410438933244     
          25          34   1.2448877765570059     
          32          34   1.3320139373183464     
