   -0.37495016
    0.35824218
   -0.37721954
    0.36477835
   -0.03956344
    0.07825624
    0.07546225
   -0.16434067
    0.20560151
    0.26138050
   -0.45895533
    0.02800377
    0.05502830
   -0.35623258
    0.15647946
    0.15041478
   -0.06566466
    0.06006303
    0.04202032
   -0.03291338
   -0.00895051
    0.03258898
   -0.10380519
    0.15851460
    0.04317413
   -0.05264133
    0.02377453
   -0.03605057
    0.02886623
   -0.04217591
    0.02692306
   -0.03777424
    0.02212405
   -0.02045874
