           1           2   1.2002015442716352     
           1           3  0.18285706924187847     
           2           3   1.7738795228573485     
           1           4  0.77034439058608006     
           2           5  0.92515218084967199     
           5           6  0.97392208406667391     
           5           7  0.95230972076434794     
           5           8  0.99029029237261135     
           8           9  0.91409123444904194     
           8          10   1.3087934326080748     
           8          11  0.19262454846907487     
          10          11   1.6055989318184098     
          10          12  0.95010147650151178     
          12          13  0.94363610026340405     
          12          14   1.0198398176220376     
          14          15  0.95770565736711399     
          14          16  0.95970960017548101     
          12          17  0.95832274331550826     
          17          18  0.96684502031304664     
          17          19  0.97111333743970885     
          17          20   1.0185946927238423     
          20          21   1.5793782251485800     
          21          22  0.96982198846489176     
          21          23   1.1961176629637091     
          23          24  0.94705534273826797     
          23          25   1.1779500663861788     
          25          26   1.3381749681149149     
          26          27  0.96850943179127968     
          26          28   1.4944476122419239     
          28          29  0.97202347284868040     
          28          30   1.3702666431974380     
          30          31  0.97180633420504181     
          26          32  0.11332147352545795     
          30          32   1.5054948046960710     
          32          33  0.96744371742213497     
          20          34   1.2042901552952374     
          25          34   1.2452179724857018     
          32          34   1.3296201481301906     
