   -0.37661719
    0.35761117
   -0.37742984
    0.36276767
   -0.03781835
    0.07603393
    0.08214124
   -0.17518979
    0.23277569
    0.26853714
   -0.45591960
   -0.02542002
    0.08019384
    0.07815628
   -0.16979786
    0.20323311
    0.26378548
   -0.45183224
    0.02808983
   -0.35557854
    0.14834481
    0.15183279
    0.05943824
   -0.06312253
    0.04083107
    0.03517849
    0.01717375
   -0.03363228
    0.03905855
   -0.02716828
    0.03463054
   -0.03075636
    0.02978495
   -0.02821449
    0.02925686
   -0.03388895
    0.02353092
