           1           2   1.7743157229443707     
           1           3  0.18011521381224921     
           2           3   1.1905736222541314     
           3           4  0.78082875556803011     
           2           5  0.92830558697160570     
           5           6  0.95488480033640433     
           5           7  0.97298245946483009     
           5           8  0.98968201387824317     
           8           9  0.87556445471975830     
           8          10   1.3294234033205790     
           8          11  0.20393636600990261     
          10          11   1.6085709983544838     
          10          12  0.94266784722611197     
          12          13  0.97207214870398317     
          12          14  0.95675260280638141     
          12          15  0.99075596184767378     
          15          16  0.91726243088329085     
          15          17   1.2854627480556995     
          15          18  0.19080585954028145     
          17          18   1.6307604895695729     
          17          19  0.95041336481214500     
          19          20   1.0182757004247636     
          20          21  0.96092354768920640     
          20          22  0.96241523971448895     
          19          23  0.95093627352074195     
          19          24  0.95412902849972370     
          24          25  0.96623227358412955     
          24          26  0.97461383194630069     
          24          27   1.0101143799287720     
          27          28   1.4150923170713952     
          28          29  0.96642981091543589     
          28          30   1.4415750903816189     
          30          31  0.97090065226359368     
          27          32  0.10942667604970595     
          30          32   1.4420834593370317     
          32          33  0.97154066990999932     
          28          34  0.11042704179916046     
          32          34   1.4344426963343442     
          34          35  0.97133563850541860     
          27          36   1.4087129056258842     
          30          36  0.11143477206168692     
          34          36   1.4499617195039898     
          36          37  0.96944928203435077     
