   -0.37419080
    0.35806041
   -0.37689523
    0.36457930
   -0.03962119
    0.07553550
    0.07768482
   -0.16398256
    0.20442233
    0.26150645
   -0.45845631
    0.02687350
    0.06284117
   -0.35519962
    0.15373099
    0.14569184
   -0.06356794
    0.06655401
    0.03261553
   -0.03254789
   -0.01016116
    0.02557636
   -0.10826828
    0.15703305
    0.04421844
   -0.05323979
    0.02312960
   -0.03517501
    0.02922833
   -0.04049394
    0.02903342
   -0.03684813
    0.03107456
   -0.02074177
