           1           2   1.2007910991275681     
           1           3  0.18293077410203201     
           2           3   1.7738902952596352     
           1           4  0.77052022125310760     
           2           5  0.92425761496245029     
           5           6  0.95256329606712020     
           5           7  0.97394903050459669     
           5           8  0.99084693915249189     
           8           9  0.91588284855327462     
           8          10   1.3070276019915483     
           8          11  0.19235369432254584     
          10          11   1.6053566304708737     
          10          12  0.95175512807958151     
          12          13  0.94194149974913277     
          12          14   1.0181117639260151     
          14          15  0.95982445804684402     
          14          16  0.96287285433166869     
          12          17  0.95878431628194494     
          17          18  0.96237458803217790     
          17          19  0.97405475495440275     
          17          20   1.0194194296601649     
          20          21   1.5828856524264623     
          21          22  0.96994165591937020     
          21          23   1.1899596876966005     
          23          24  0.94764186686846386     
          23          25   1.1750130803590786     
          25          26   1.3371702263514869     
          26          27  0.96861900148677127     
          26          28   1.4945989408858424     
          28          29  0.97199168351265119     
          28          30   1.3713183221771454     
          30          31  0.97165898927610117     
          26          32  0.11432188693708954     
          30          32   1.5056143052406148     
          32          33  0.96850090715848647     
          20          34   1.1995956298486337     
          25          34   1.2514039349680568     
          32          34   1.3311215752458869     
