   -0.37191719
    0.35680265
   -0.37681600
    0.36164242
   -0.03877102
    0.08254340
    0.07730112
   -0.17331397
    0.22998814
    0.26755367
   -0.45456445
   -0.02254027
    0.07682000
    0.07733952
   -0.17357194
    0.18573282
    0.25815419
   -0.45055357
    0.02788785
   -0.33229985
    0.15473004
    0.14096015
    0.06587295
   -0.07569903
    0.06491985
    0.03991710
    0.00620215
   -0.03581020
    0.03664943
   -0.02715299
    0.03671670
   -0.03144706
    0.03424244
   -0.03083137
    0.03250357
   -0.04153537
    0.02234410
