           1           2   1.7813207330242127     
           1           3  0.18067922198833608     
           2           3   1.1874739316996548     
           3           4  0.78357077914126261     
           2           5  0.92684577652192035     
           5           6  0.97293596963256457     
           5           7  0.95407169679095394     
           5           8  0.98995132316210155     
           8           9  0.88096259980363634     
           8          10   1.3280319417448583     
           8          11  0.20488567525938606     
          10          11   1.6105842510435782     
          10          12  0.94285422214809445     
          12          13  0.95795895564497380     
          12          14  0.97215283767973260     
          12          15  0.98871360912942252     
          15          16  0.93320923367885333     
          15          17   1.2665450881494071     
          15          18  0.18865843874425847     
          17          18   1.6454958332008116     
          17          19  0.93531733426789010     
          19          20   1.0111368911830432     
          20          21  0.96154332740541304     
          20          22  0.96388155195413949     
          19          23  0.96150593837448062     
          19          24  0.97104431293310611     
          24          25  0.96291415928545798     
          24          26  0.97002486802958887     
          24          27   1.0104093787454229     
          27          28   1.4078792815806476     
          28          29  0.96896442792840554     
          28          30   1.4505161694812663     
          30          31  0.97078022421841792     
          27          32  0.10986818893250734     
          30          32   1.4347514549305851     
          32          33  0.97127684655781543     
          28          34  0.11211967556658828     
          32          34   1.4422970864632723     
          34          35  0.97108314510091542     
          27          36   1.4171328128059122     
          30          36  0.10995219864275668     
          34          36   1.4403710346819603     
          36          37  0.96813006175639904     
