           2           7  0.19480527522915783     
           3           8  0.20435202479432676     
           4           9  0.19439079063735160     
           5          10  0.19741218340717642     
           6          11  0.19616100406742190     
           1          12  0.19539553844484886     
           1          13   1.6483183639731323     
          12          13   1.2700022325129459     
           7          14  0.96082341736113386     
          13          14  0.93687331355321257     
          14          15  0.98298417436416174     
          15          16   1.0032406597352390     
           7          17  0.97949615108485422     
          16          17   1.0057668655291201     
           2          18   1.6049370528717120     
           7          18   1.3016588899103034     
           8          19  0.97667765440117549     
          18          19  0.93322569962467761     
          19          20   1.0023109140134654     
           3          21   1.6480385977453869     
           8          21   1.3084667301070665     
           9          22  0.99070361223098469     
          21          22  0.91701689317560309     
          22          23  0.99988423656888092     
           4          24   1.6990506226138562     
           9          24   1.2401380865010441     
          10          25  0.97448422454213635     
          24          25  0.93132374464486967     
          25          26  0.99854011498526107     
           5          27   1.6121036915588571     
          10          27   1.3214102056765231     
          11          28  0.97308166844249000     
          27          28  0.92843777674923311     
          28          29   1.0078883985269700     
           6          30   1.6571029704052334     
          11          30   1.2836206560490875     
          12          31  0.96886233310269354     
          30          31  0.93154029650575187     
          31          32  0.98129396058747631     
          32          33   1.0054647191947463     
          12          34  0.97900508080628201     
          33          34   1.0027851832928631     
          14          35  0.95790010793965075     
          15          36  0.97900457754485815     
          15          37  0.97443565325454085     
          16          38  0.97857201683195649     
          16          39  0.97614937736105234     
          17          40  0.95985256918728612     
          17          41  0.96295732636870235     
           8          42  0.85643159977530370     
          19          43  0.94897177197808369     
          20          44  0.98338904343743594     
          20          45  0.97586442513454974     
          20          46  0.98547433995269396     
           9          47  0.92654538700829869     
          22          48  0.94400206522385011     
          23          49  0.98438608499896985     
          23          50  0.98553498077504575     
          23          51  0.97827054838094352     
          10          52  0.91423433504244245     
          25          53  0.95242337850479408     
          26          54  0.98396601567615094     
          26          55  0.98328718332629150     
          26          56  0.98059476809584034     
          11          57  0.90029231222979866     
          28          58  0.95022003451909376     
          29          59  0.98030206707576983     
          29          60  0.98570275210242908     
          29          61  0.98144502084604091     
          31          62  0.95455854846557209     
          32          63  0.97669505299113690     
          32          64  0.97562983914895995     
          33          65  0.97707063900150459     
          33          66  0.97720869193473558     
          34          67  0.96448068712496138     
          34          68  0.96871256476699008     
