   -0.38407970
    0.35537022
   -0.37244211
    0.36065209
   -0.04216369
    0.07305839
    0.10782980
   -0.17642475
    0.17443153
    0.28397469
   -0.41020479
   -0.02451934
    0.06284809
    0.07843745
   -0.17127950
    0.20408681
    0.26899757
   -0.45830938
    0.03184574
   -0.35131099
    0.14350652
    0.15257243
    0.03616788
   -0.06948907
    0.05972644
    0.05294668
    0.00816379
   -0.04331377
    0.04286726
   -0.03314218
    0.03223590
   -0.03460971
    0.03445027
   -0.03452562
    0.04057582
   -0.04533490
    0.04640413
