           1           2   1.7652012829045909     
           1           3  0.17534143004914804     
           2           3   1.1812591719363141     
           3           4  0.79526834448625727     
           2           5  0.94292756325235783     
           5           6  0.96069369345706801     
           5           7  0.93933122552612658     
           5           8  0.99858065729526790     
           8           9  0.92443290644389930     
           8          10   1.2435055461012146     
           8          11  0.19899186182684814     
          10          11   1.7085268293247682     
          10          12  0.94151706878364627     
          12          13  0.95987961446951120     
          12          14  0.95967041759463134     
          12          15  0.99114745212372635     
          15          16  0.91300005561014363     
          15          17   1.2992197474128395     
          15          18  0.19263072914145274     
          17          18   1.6201988844783302     
          17          19  0.94515347378277281     
          19          20   1.0146807086369263     
          20          21  0.96432435732640842     
          20          22  0.95837226414311116     
          19          23  0.95434592371249938     
          19          24  0.95874555602897327     
          24          25  0.97326986718943120     
          24          26  0.96095015414874452     
          24          27   1.0121810523719830     
          27          28   1.4079729715815570     
          28          29  0.96660284341708214     
          28          30   1.4481450308310442     
          30          31  0.97104157324757301     
          27          32  0.11009739951502810     
          30          32   1.4354214406996053     
          32          33  0.97116070392084808     
          28          34  0.11105189138152707     
          32          34   1.4391489169829346     
          34          35  0.97019617805015290     
          27          36   1.4134286933728566     
          30          36  0.10973918209723089     
          34          36   1.4323961310479354     
          36          37  0.96565862583603068     
