   -0.37351449
    0.35804541
   -0.37740739
    0.36543679
   -0.03468062
    0.06962861
    0.07224225
   -0.17140854
    0.18365673
    0.26018326
   -0.45505968
    0.02810905
    0.06436911
   -0.34228256
    0.14175316
    0.15077932
   -0.06611151
    0.06675066
    0.05227375
   -0.03741759
   -0.00920531
    0.03428065
   -0.10580450
    0.16037441
    0.04186648
   -0.05319423
    0.02580655
   -0.03582120
    0.03103605
   -0.04210112
    0.02918366
   -0.04388198
    0.03573635
   -0.02362152
