           1           2   1.2034506743597426     
           1           3  0.18379546081648554     
           2           3   1.7729570130110088     
           1           4  0.76750541400439465     
           2           5  0.92502348400782175     
           5           6  0.95354349205950206     
           5           7  0.97521363477110212     
           5           8  0.98818700358705547     
           8           9  0.92912475834209218     
           8          10   1.2820701579296261     
           8          11  0.18596216126664231     
          10          11   1.6183313857220027     
          10          12  0.94321856816935257     
          12          13  0.95508470564991466     
          12          14   1.0270550430466374     
          14          15  0.96469230106258541     
          14          16  0.94912623233261073     
          12          17  0.94977121901736672     
          17          18  0.96491935146453733     
          17          19  0.97278037504688819     
          17          20   1.0188975758575554     
          20          21   1.5795497405498595     
          21          22  0.96937445965650415     
          21          23   1.1972343293093926     
          23          24  0.94638903770339056     
          23          25   1.1761946329040409     
          25          26   1.3375282323461239     
          26          27  0.96838914693828793     
          26          28   1.4951979212776905     
          28          29  0.97186250531853757     
          28          30   1.3696620613368784     
          30          31  0.97161636527874862     
          26          32  0.11369996374365571     
          30          32   1.5061349376590454     
          32          33  0.96516183460799310     
          20          34   1.2039140160541413     
          25          34   1.2468193154926324     
          32          34   1.3265181429217481     
