           2           7  0.19462580883968339     
           3           8  0.20255025946974592     
           4           9  0.19370262630639765     
           5          10  0.19755073855438965     
           6          11  0.19360550711982358     
           1          12  0.19212263876348859     
           1          13   1.6538084483511850     
          12          13   1.2610455060520791     
           7          14  0.96247455018220729     
          13          14  0.93683785419164955     
          14          15  0.98277171486809234     
          15          16   1.0037369677069066     
           7          17  0.97371330415731738     
          16          17   1.0045409922370792     
           2          18   1.5983801581550412     
           7          18   1.3080380904719524     
           8          19  0.97445874762886919     
          18          19  0.93150200155754415     
          19          20   1.0020741849117833     
           3          21   1.6359063794626159     
           8          21   1.3149257332524364     
           9          22  0.99221601513325086     
          21          22  0.92030788729781288     
          22          23  0.99694382554780070     
           4          24   1.6982497419688416     
           9          24   1.2394417193233349     
          10          25  0.97419265888790596     
          24          25  0.93268250584053369     
          25          26  0.99833326068048334     
           5          27   1.6168383265490545     
          10          27   1.3185371749027555     
          11          28  0.97033814253680395     
          27          28  0.92639578287306468     
          28          29   1.0090729368097802     
           6          30   1.6469180283691183     
          11          30   1.2911211417795396     
          12          31  0.97048499438552793     
          30          31  0.93276948598059239     
          31          32  0.98017746988237076     
          32          33   1.0056762060090061     
          12          34  0.97967441014204093     
          33          34   1.0028034512667545     
          14          35  0.95647714598610167     
          15          36  0.97833269973925485     
          15          37  0.97349528740423663     
          16          38  0.97987280430663382     
          16          39  0.97677155596883791     
          17          40  0.96775073397919109     
          17          41  0.95247983851408125     
           8          42  0.85962488395422532     
          19          43  0.95524674764512907     
          20          44  0.97604009724533536     
          20          45  0.98511020723269471     
          20          46  0.98413803613803608     
           9          47  0.92725469275054406     
          22          48  0.94298678595441299     
          23          49  0.98549291491787083     
          23          50  0.97868253781356018     
          23          51  0.98470914682517952     
          10          52  0.90775038844502276     
          25          53  0.95144570465025691     
          26          54  0.98415154135081639     
          26          55  0.98339569708700958     
          26          56  0.98095416099948340     
          11          57  0.89268030432978829     
          28          58  0.95344350845505577     
          29          59  0.98557731546301919     
          29          60  0.98189049180120769     
          29          61  0.97981599396611219     
          31          62  0.95396968888238809     
          32          63  0.97653791824823089     
          32          64  0.97548986260034398     
          33          65  0.97714700149326006     
          33          66  0.97729985154678345     
          34          67  0.96712793837843758     
          34          68  0.96855382575780657     
