   -0.37351296
    0.35711515
   -0.37616337
    0.36224988
   -0.03948200
    0.08209099
    0.07647862
   -0.17271879
    0.22958508
    0.26718122
   -0.45394939
   -0.02565407
    0.07811678
    0.08061297
   -0.17135923
    0.20392379
    0.26325348
   -0.44793647
    0.02763001
   -0.35393928
    0.15249119
    0.14676377
    0.05928359
   -0.06192109
    0.03782318
    0.03636767
    0.01728365
   -0.03801602
    0.02416944
   -0.02882385
    0.03239538
   -0.03117741
    0.03121670
   -0.02774687
    0.03153566
   -0.02727360
    0.03210621
