           1           2   1.7790013449810034     
           1           3  0.18105655926157724     
           2           3   1.1908540871504776     
           3           4  0.77995649869600181     
           2           5  0.92672340240177253     
           5           6  0.97317658176882815     
           5           7  0.95299958282744890     
           5           8  0.99039017808437757     
           8           9  0.88087848467688967     
           8          10   1.3299880027042645     
           8          11  0.20485652303056207     
          10          11   1.6092103702981795     
          10          12  0.94158910588482025     
          12          13  0.95658167079481005     
          12          14  0.97138647291110480     
          12          15  0.99282676177851792     
          15          16  0.91616603399338525     
          15          17   1.2842082719013077     
          15          18  0.19295892459984029     
          17          18   1.6386147518080019     
          17          19  0.94794237446917007     
          19          20   1.0168593303501898     
          20          21  0.96164305963301810     
          20          22  0.96360161671204891     
          19          23  0.94238305465416272     
          19          24  0.96417101561897056     
          24          25  0.96591411998956833     
          24          26  0.97570026600533266     
          24          27   1.0088586741809953     
          27          28   1.4103683056670360     
          28          29  0.96875184159427208     
          28          30   1.4481815070618285     
          30          31  0.97115050394866931     
          27          32  0.10979339082645907     
          30          32   1.4360222539162193     
          32          33  0.97147491673225039     
          28          34  0.11115088799956642     
          32          34   1.4406070423119717     
          34          35  0.97114334856558471     
          27          36   1.4154964160224548     
          30          36  0.11071166349179967     
          34          36   1.4429022163328482     
          36          37  0.96880484443332293     
