           2           7  0.20089402301314729     
           3           8  0.18939794065157617     
           4           9  0.18482473939534855     
           5          10  0.20180385786086422     
           6          11  0.19933932870149676     
           1          12  0.19532343772800478     
           1          13   1.5930687019793632     
          12          13   1.3083765834320986     
           7          14  0.98314212792583644     
          13          14  0.93861939470612821     
          14          15  0.97606727973470275     
          15          16   1.0048094937933048     
           7          17  0.97418056342899562     
          16          17   1.0081946755913040     
           2          18   1.6696083082476123     
           7          18   1.2671474648744359     
           8          19  0.96471944954223232     
          18          19  0.92794806190549739     
          19          20   1.0002120687369283     
           3          21   1.6405503108291728     
           8          21   1.2927933903938369     
           9          22  0.99576704176651321     
          21          22  0.92435657604850363     
          22          23  0.99905104526819410     
           4          24   1.7123815291509226     
           9          24   1.2241027140859928     
          10          25  0.97939813408171228     
          24          25  0.92894825227813660     
          25          26  0.99672380239596281     
           5          27   1.6297725453072389     
          10          27   1.3207973937535389     
          11          28  0.97320743370477591     
          27          28  0.92425825886566848     
          28          29  0.99216897089788780     
           6          30   1.6361039329799236     
          11          30   1.3102361359804537     
          12          31  0.96003641875004386     
          30          31  0.92208391035230064     
          31          32  0.99823669569760598     
          32          33   1.0043605685554562     
          12          34  0.97727327559347610     
          33          34   1.0027373030371116     
          14          35  0.94598184965430654     
          15          36  0.97813352366380246     
          15          37  0.97464933658263520     
          16          38  0.97669782703171093     
          16          39  0.97752533662921148     
          17          40  0.96691198988889826     
          17          41  0.96795999486326301     
           8          42  0.93124711154346007     
          19          43  0.94715725980268295     
          20          44  0.98242297600762196     
          20          45  0.98121375275697986     
          20          46  0.97747500696495282     
           9          47  0.92893201600298891     
          22          48  0.93900009392087025     
          23          49  0.98123822707080965     
          23          50  0.98535170038782505     
          23          51  0.98222552084348835     
          10          52  0.87741849441094988     
          25          53  0.95436661970459935     
          26          54  0.98459758852120272     
          26          55  0.98419819711420753     
          26          56  0.98120434958307456     
          11          57  0.89698566774510224     
          28          58  0.96514624268572957     
          29          59  0.98373739185307074     
          29          60  0.98374713116084722     
          29          61  0.97969568660598338     
          31          62  0.95242668851908918     
          32          63  0.97822126767325179     
          32          64  0.97145034241657291     
          33          65  0.97877908184744289     
          33          66  0.97520798878117299     
          34          67  0.95734234780574912     
          34          68  0.96690600008725558     
