           2           7  0.19525139221047863     
           3           8  0.20338963918283751     
           4           9  0.19338082064810364     
           5          10  0.19862188821246243     
           6          11  0.19325121857556080     
           1          12  0.19511597626542448     
           1          13   1.6572955185419573     
          12          13   1.2621903965617784     
           7          14  0.96858963689409283     
          13          14  0.93315323397634975     
          14          15  0.98067119606958175     
          15          16   1.0045353820870400     
           7          17  0.97704605783499587     
          16          17   1.0041721770894154     
           2          18   1.6118796379689158     
           7          18   1.2996884383823109     
           8          19  0.97598898186053651     
          18          19  0.93095299049538083     
          19          20   1.0006848818990579     
           3          21   1.6244702289548725     
           8          21   1.3236135788306227     
           9          22  0.99196867923827814     
          21          22  0.92132718347030473     
          22          23  0.99706759484195606     
           4          24   1.6994473596008295     
           9          24   1.2385274353222879     
          10          25  0.97530154769528343     
          24          25  0.93240526673249957     
          25          26  0.99822058418263560     
           5          27   1.6126715182236941     
          10          27   1.3255068414680338     
          11          28  0.97161348360454614     
          27          28  0.92596976236397066     
          28          29   1.0090858503913473     
           6          30   1.6439864294297155     
          11          30   1.2905373433422442     
          12          31  0.96553959098393816     
          30          31  0.93810811088546298     
          31          32  0.98000875585632152     
          32          33   1.0039094314222383     
          12          34  0.98117603896987626     
          33          34   1.0033056916057572     
          14          35  0.95723659266521022     
          15          36  0.97816986186017796     
          15          37  0.97752975128939490     
          16          38  0.97653700887534634     
          16          39  0.97674939205898870     
          17          40  0.96556595625146824     
          17          41  0.94725804099338073     
           8          42  0.85574870969637140     
          19          43  0.95612895339445458     
          20          44  0.98534275672470084     
          20          45  0.98394318997832841     
          20          46  0.97678882986231907     
           9          47  0.92715488627145326     
          22          48  0.94393351627673749     
          23          49  0.98535281373841865     
          23          50  0.97872364860164407     
          23          51  0.98471049300572910     
          10          52  0.89962365185853310     
          25          53  0.95222984186026982     
          26          54  0.98435161365185753     
          26          55  0.98335103494550857     
          26          56  0.98083740007296993     
          11          57  0.90103969312364074     
          28          58  0.95242156094772290     
          29          59  0.98160775452913551     
          29          60  0.97925489183785086     
          29          61  0.98577420557227624     
          31          62  0.95473080613671946     
          32          63  0.97706227719691596     
          32          64  0.97641182509974900     
          33          65  0.97895567375700610     
          33          66  0.97674617291343413     
          34          67  0.96573843060068887     
          34          68  0.97117089092630793     
