   -0.37318451
    0.35780967
   -0.37371669
    0.36297603
   -0.03912176
    0.08467023
    0.08133263
   -0.15330852
    0.18864355
    0.28417791
   -0.44962291
   -0.01072525
    0.05778584
    0.07280464
   -0.18251066
    0.18288436
    0.26425079
   -0.44424910
    0.03292105
   -0.33532180
    0.15793641
    0.14493771
    0.03895439
   -0.07307377
    0.06871833
    0.04957127
    0.00435567
   -0.04228400
    0.03339307
   -0.03188018
    0.03157827
   -0.03420536
    0.03119250
   -0.03215416
    0.03442846
   -0.04437358
    0.05440951
