           1           2   1.7775653458444614     
           1           3  0.18248472424244516     
           2           3   1.1960997372402604     
           3           4  0.77614977174026722     
           2           5  0.92801025941972926     
           5           6  0.95082329766342932     
           5           7  0.97395858745924879     
           5           8  0.98410768623370448     
           8           9  0.93623090877959991     
           8          10   1.3005173310508522     
           8          11  0.18897111561042740     
          10          11   1.6152644574266037     
          10          12  0.95042040849917775     
          12          13  0.96518483454707149     
          12          14  0.96144394062443717     
          12          15  0.99442107824625836     
          15          16  0.92708256668671474     
          15          17   1.2376765775925915     
          15          18  0.18480965913455846     
          17          18   1.6788678170085904     
          17          19  0.93990548978786648     
          19          20   1.0302031830369718     
          20          21  0.95777204719819076     
          20          22  0.96279519361879462     
          19          23  0.95625965013719105     
          19          24  0.95175770084452560     
          24          25  0.96184374147216145     
          24          26  0.97401498980574641     
          24          27   1.0150499032850364     
          27          28   1.4049561932217332     
          28          29  0.96903774879022553     
          28          30   1.4506076336227609     
          30          31  0.97108586994781299     
          27          32  0.10891635177627469     
          30          32   1.4337947061333116     
          32          33  0.97142394758592487     
          28          34  0.11149614964066228     
          32          34   1.4422690173040609     
          34          35  0.97089917853482977     
          27          36   1.4075238049098202     
          30          36  0.10988319974506396     
          34          36   1.4396558395064571     
          36          37  0.96462160136097230     
