   -0.38110507
    0.35986304
   -0.37828537
    0.36464372
   -0.03897259
    0.08265801
    0.07394812
   -0.17333589
    0.23140014
    0.26785508
   -0.44999504
   -0.02367596
    0.07841796
    0.08115812
   -0.17236434
    0.18181034
    0.27221286
   -0.43673712
    0.03237595
   -0.34001127
    0.14615681
    0.16866332
    0.03861921
   -0.07192904
    0.03083476
    0.04778091
    0.00287615
   -0.04393593
    0.01853728
   -0.03147263
    0.04280338
   -0.03077674
    0.05214123
   -0.02933449
    0.03400747
   -0.03581598
    0.02898361
