           1           2   1.7669513061869238     
           1           3  0.18090877544327980     
           2           3   1.2010197828208122     
           3           4  0.76269840406818068     
           2           5  0.92830713529461217     
           5           6  0.97310150835228160     
           5           7  0.94822919050803689     
           5           8  0.98919485339529223     
           8           9  0.87485661692490746     
           8          10   1.3386905623500507     
           8          11  0.20485913586362023     
          10          11   1.6032071577758320     
          10          12  0.94343911277008596     
          12          13  0.95269709091542154     
          12          14  0.97208077541965077     
          12          15  0.99151571871983413     
          15          16  0.93934165572620687     
          15          17   1.2662996786011076     
          15          18  0.18584154482713963     
          17          18   1.6488818080456993     
          17          19  0.95014310381230715     
          19          20   1.0384727753453051     
          20          21  0.96065992828914626     
          20          22  0.94770490739535185     
          19          23  0.95176789163280195     
          19          24  0.93855990419531787     
          24          25  0.97491910224262690     
          24          26  0.96522432651764012     
          24          27   1.0131891222418230     
          27          28   1.4095287952668458     
          28          29  0.96897266431890616     
          28          30   1.4464995205038735     
          30          31  0.96892261530422052     
          27          32  0.10959160611828785     
          30          32   1.4359931179776326     
          32          33  0.96860861094720563     
          28          34  0.11011690993107059     
          32          34   1.4400382526287729     
          34          35  0.97094789022405592     
          27          36   1.4116695116109532     
          30          36  0.11123953930351888     
          34          36   1.4443642904852856     
          36          37  0.96825456323203607     
