           2           7  0.19488302256773532     
           3           8  0.20403823342914465     
           4           9  0.19441468826748515     
           5          10  0.19723422228737389     
           6          11  0.19705925563021565     
           1          12  0.19569321928741912     
           1          13   1.6468052974547693     
          12          13   1.2715995887934983     
           7          14  0.96016783057494470     
          13          14  0.93701203931850685     
          14          15  0.98337351497531333     
          15          16   1.0032953735726091     
           7          17  0.97958959064764561     
          16          17   1.0057604401497726     
           2          18   1.6052215944771797     
           7          18   1.3017786080497058     
           8          19  0.97699596312401593     
          18          19  0.93300061784609822     
          19          20   1.0024144301739772     
           3          21   1.6468686446216840     
           8          21   1.3083169140191924     
           9          22  0.99041798099608691     
          21          22  0.91793737139644371     
          22          23  0.99989395939347225     
           4          24   1.7000647348810831     
           9          24   1.2399310058636948     
          10          25  0.97466540960081804     
          24          25  0.93102322223033829     
          25          26  0.99858279064600963     
           5          27   1.6121866471160022     
          10          27   1.3209015435398774     
          11          28  0.97389624172388811     
          27          28  0.92903738639540578     
          28          29   1.0073491220280575     
           6          30   1.6613082409828841     
          11          30   1.2809852886057351     
          12          31  0.96857337533780019     
          30          31  0.93079971926218041     
          31          32  0.98163374535370818     
          32          33   1.0054472169825386     
          12          34  0.97881090967538875     
          33          34   1.0027636997049563     
          14          35  0.95794636747234785     
          15          36  0.97890270660824830     
          15          37  0.97413103067022111     
          16          38  0.97853666002198003     
          16          39  0.97612511379767453     
          17          40  0.95927291681638449     
          17          41  0.96299826086039220     
           8          42  0.85616226314886346     
          19          43  0.94850485381010963     
          20          44  0.98331072322554280     
          20          45  0.97623401114026875     
          20          46  0.98545623186815401     
           9          47  0.92639909477424776     
          22          48  0.94417312805230624     
          23          49  0.98541523553917543     
          23          50  0.97826455547457047     
          23          51  0.98438737935618170     
          10          52  0.91703775112955910     
          25          53  0.95254549726648174     
          26          54  0.98391459985922092     
          26          55  0.98331980198514235     
          26          56  0.98038237962532393     
          11          57  0.90102373432674421     
          28          58  0.94923506787115020     
          29          59  0.98568490708586720     
          29          60  0.98144572245311290     
          29          61  0.98081061463399866     
          31          62  0.95470454860718390     
          32          63  0.97675018476155184     
          32          64  0.97564777007231429     
          33          65  0.97704273527943442     
          33          66  0.97710925452005948     
          34          67  0.96410251296866334     
          34          68  0.96862274304516349     
