   -0.37442171
    0.35795974
   -0.37535572
    0.36255222
   -0.03824120
    0.08064436
    0.07357622
   -0.17291761
    0.23120193
    0.26767569
   -0.45328909
   -0.02558198
    0.08047655
    0.07775972
   -0.16806658
    0.20533154
    0.26535358
   -0.45140474
    0.03331288
   -0.34937126
    0.14258322
    0.15125162
    0.03313887
   -0.06724514
    0.05120017
    0.05095996
    0.00701364
   -0.04147724
    0.02888761
   -0.02732741
    0.03107535
   -0.02796052
    0.03909625
   -0.03065747
    0.03381047
   -0.04298311
    0.04143922
