           1           2   1.7766201531562749     
           1           3  0.18162400557594638     
           2           3   1.1951362849004408     
           3           4  0.77576574215006133     
           2           5  0.92655573498971078     
           5           6  0.97384709458318652     
           5           7  0.94771790836335135     
           5           8  0.98974853065752089     
           8           9  0.87913875395459329     
           8          10   1.3328094830993849     
           8          11  0.20498231678026768     
          10          11   1.6075918435201546     
          10          12  0.94182121837216171     
          12          13  0.97188260316447295     
          12          14  0.95481646795529052     
          12          15  0.99353008007310872     
          15          16  0.91620926923814472     
          15          17   1.2908977318616057     
          15          18  0.19447992017388907     
          17          18   1.6347968120853920     
          17          19  0.94833132939648213     
          19          20   1.0155460926002713     
          20          21  0.96460717075933156     
          20          22  0.95954731512126712     
          19          23  0.95475193727453811     
          19          24  0.95716453894241815     
          24          25  0.97415076626380104     
          24          26  0.96307963354574710     
          24          27   1.0120248120411353     
          27          28   1.4158403876151449     
          28          29  0.96858444763280538     
          28          30   1.4424225553504808     
          30          31  0.96804325145528525     
          27          32  0.11020849997311112     
          30          32   1.4400818243345921     
          32          33  0.97091198920450295     
          28          34  0.11017369962428460     
          32          34   1.4366013156411543     
          34          35  0.97094642520119623     
          27          36   1.4066429537506797     
          30          36  0.11115103916041016     
          34          36   1.4466750578150227     
          36          37  0.96717050368743029     
