   -0.38291262
    0.35772052
   -0.37566390
    0.36255551
   -0.03693659
    0.07922527
    0.07598442
   -0.17202571
    0.19039177
    0.26187737
   -0.46326732
    0.03086436
    0.04171010
   -0.33444333
    0.15580328
    0.14795495
   -0.07089486
    0.06732925
    0.04153878
   -0.04365634
   -0.00443583
    0.03187977
   -0.09859992
    0.16532057
    0.04830693
   -0.04245552
    0.03330476
   -0.02845488
    0.03594847
   -0.03920624
    0.02669547
   -0.04503083
    0.01181455
   -0.02824221
