           1           2   1.1876438997876062     
           1           3  0.17963898338581047     
           2           3   1.7784027962942615     
           1           4  0.77359628697748517     
           2           5  0.92826674823393329     
           5           6  0.95309919042751279     
           5           7  0.97391858574699142     
           5           8  0.98839040404827050     
           8           9  0.92978821265671374     
           8          10   1.2877444905216857     
           8          11  0.18331917377981263     
          10          11   1.6101714097559388     
          10          12  0.93848482399708821     
          12          13  0.95344153716289592     
          12          14   1.0345958425054069     
          14          15  0.95742843197691874     
          14          16  0.96126817339429738     
          12          17  0.95478496163216398     
          17          18  0.96432708209613605     
          17          19  0.97472975450196397     
          17          20   1.0152397157343098     
          20          21   1.5737372212968015     
          21          22  0.96872387879312716     
          21          23   1.2043496471162700     
          23          24  0.94490689475781808     
          23          25   1.1792994459902157     
          25          26   1.3361034721401930     
          26          27  0.96796878138468845     
          26          28   1.4985723505426782     
          28          29  0.97151499742055580     
          28          30   1.3675984703847470     
          30          31  0.97179611826226175     
          26          32  0.11399723521468373     
          30          32   1.5078367087253091     
          32          33  0.96553422811091205     
          20          34   1.2047755966853566     
          25          34   1.2491107300029491     
          32          34   1.3234811659489352     
