   -0.38100042
    0.35832928
   -0.38506935
    0.36621418
   -0.03874515
    0.07796453
    0.07657911
   -0.16393448
    0.21247698
    0.26806953
   -0.46271746
    0.03333758
    0.03021116
   -0.34650833
    0.15139800
    0.14037454
   -0.06078325
    0.05057952
    0.04770283
   -0.04319521
   -0.00688615
    0.03823106
   -0.09834069
    0.17349636
    0.04578280
   -0.04875613
    0.03240478
   -0.03735390
    0.02785621
   -0.04455182
    0.02330708
   -0.04428423
    0.03180420
   -0.02399319
