           1           2   1.1989902816078959     
           1           3  0.18088294537609201     
           2           3   1.7677156718517941     
           1           4  0.76426473216369772     
           2           5  0.92822339754726679     
           5           6  0.97404917120068335     
           5           7  0.95362333930539844     
           5           8  0.99144840878393914     
           8           9  0.91094962979792438     
           8          10   1.3099056214490679     
           8          11  0.19104016950480854     
          10          11   1.5998909687342544     
          10          12  0.95396842308252550     
          12          13  0.95523507893652293     
          12          14   1.0163681521012022     
          14          15  0.95892091657425549     
          14          16  0.96538117143534041     
          12          17  0.95118319438038434     
          17          18  0.96444332657110432     
          17          19  0.97503765730639991     
          17          20   1.0163926506993197     
          20          21   1.5742527902610550     
          21          22  0.96879674449225428     
          21          23   1.2090068963491973     
          23          24  0.94145563811322897     
          23          25   1.1822177326322967     
          25          26   1.3365021214523987     
          26          27  0.96803947215104758     
          26          28   1.4968201084341337     
          28          29  0.97205175304030678     
          28          30   1.3687713091359748     
          30          31  0.97193941764115799     
          26          32  0.11342249453580937     
          30          32   1.5058011552604604     
          32          33  0.96714427809130166     
          20          34   1.2038966198822427     
          25          34   1.2453835955701056     
          32          34   1.3262142512608073     
