   -0.36358773
    0.35395385
   -0.35968011
    0.32951762
   -0.03934805
    0.07863334
    0.10577935
   -0.20450632
    0.22327974
    0.26818197
   -0.41625025
   -0.02830779
    0.07760767
    0.07022041
   -0.16722552
    0.20579910
    0.26589977
   -0.45625947
    0.03369593
   -0.34973029
    0.14210093
    0.15136201
    0.03232532
   -0.06618546
    0.05105582
    0.04986754
    0.00568131
   -0.04367259
    0.03947771
   -0.03034824
    0.03323271
   -0.02648583
    0.04028775
   -0.02793390
    0.03591690
   -0.04105616
    0.02670097
