           1           2   1.7919837196661241     
           1           3  0.16881960746902652     
           2           3   1.1465062822847090     
           3           4  0.85102105114702631     
           2           5  0.94666431931216199     
           5           6  0.95327197098054550     
           5           7  0.93752318482855346     
           5           8   1.0030902655198313     
           8           9  0.87903522542801504     
           8          10   1.2501346982765509     
           8          11  0.20090984173991672     
          10          11   1.7093287818116261     
          10          12  0.93164815175671767     
          12          13  0.97231700831275836     
          12          14  0.95877192546000845     
          12          15  0.99344257505593803     
          15          16  0.91544510189689610     
          15          17   1.2948273046933279     
          15          18  0.19340293903039113     
          17          18   1.6276750492361958     
          17          19  0.94896128861383999     
          19          20   1.0157282779011605     
          20          21  0.96481058452295310     
          20          22  0.95936776799783097     
          19          23  0.95421848387763308     
          19          24  0.95712141191246480     
          24          25  0.97427063982077922     
          24          26  0.96328572180655903     
          24          27   1.0113426293156849     
          27          28   1.4070353162670897     
          28          29  0.96732697665103951     
          28          30   1.4467975712176866     
          30          31  0.97099472888187766     
          27          32  0.11025267902423794     
          30          32   1.4365903607747561     
          32          33  0.97080750774117175     
          28          34  0.11144231802105352     
          32          34   1.4405486832340977     
          34          35  0.97002249181670097     
          27          36   1.4164641423452002     
          30          36  0.11003852177721468     
          34          36   1.4422016855372157     
          36          37  0.96783383595447736     
