   -0.37446997
    0.35851663
   -0.37646798
    0.36424046
   -0.03510900
    0.07338564
    0.07082320
   -0.17444118
    0.18669234
    0.25888157
   -0.45562620
    0.03372715
    0.04119905
   -0.33443155
    0.16023767
    0.14533880
   -0.06601279
    0.05041631
    0.06502669
   -0.03841590
   -0.00843691
    0.03394359
   -0.10495036
    0.16135226
    0.04265022
   -0.05289831
    0.02728446
   -0.03524158
    0.03279626
   -0.04126743
    0.03076088
   -0.04205326
    0.02889742
   -0.02634817
