           1           2   1.2010294218699724     
           1           3  0.18311451577616583     
           2           3   1.7742861779707932     
           1           4  0.76852588087656137     
           2           5  0.92551176406506375     
           5           6  0.97501417255417955     
           5           7  0.95363502583372806     
           5           8  0.98638422219448063     
           8           9  0.92967596318335421     
           8          10   1.2864888544136237     
           8          11  0.18644574293113841     
          10          11   1.6143976183652664     
          10          12  0.94386009846177199     
          12          13  0.95636126273362398     
          12          14   1.0311184294706039     
          14          15  0.95626000171214121     
          14          16  0.96327727283919162     
          12          17  0.94979036340760736     
          17          18  0.97343260201276793     
          17          19  0.96172444128457524     
          17          20   1.0201335489483743     
          20          21   1.5830331952530721     
          21          22  0.96947025304379097     
          21          23   1.1954859569170488     
          23          24  0.94623712955676953     
          23          25   1.1770254280540660     
          25          26   1.3373399994528088     
          26          27  0.96835271995915750     
          26          28   1.4953431346569226     
          28          29  0.97176929642554666     
          28          30   1.3701738874437575     
          30          31  0.97152956118797706     
          26          32  0.11390781194563081     
          30          32   1.5062316099865496     
          32          33  0.96778544823915391     
          20          34   1.1980165956177664     
          25          34   1.2474585780795058     
          32          34   1.3272907104625706     
