           2           7  0.20089402297416209     
           3           8  0.18939794070148874     
           4           9  0.18482473953358705     
           5          10  0.20180385777400905     
           6          11  0.19933932882574762     
           1          12  0.19532343768393595     
           1          13   1.5930687022098922     
          12          13   1.3083765833742136     
           7          14  0.98314212802867729     
          13          14  0.93861939458409349     
          14          15  0.97606727985052588     
          15          16   1.0048094937193357     
           7          17  0.97418056339484660     
          16          17   1.0081946756129849     
           2          18   1.6696083079883688     
           7          18   1.2671474649248144     
           8          19  0.96471944946322508     
          18          19  0.92794806211780778     
          19          20   1.0002120686528975     
           3          21   1.6405503109356365     
           8          21   1.2927933904446398     
           9          22  0.99576704188365195     
          21          22  0.92435657592558218     
          22          23  0.99905104536174738     
           4          24   1.7123815288718323     
           9          24   1.2241027144802488     
          10          25  0.97939813390580921     
          24          25  0.92894825230983968     
          25          26  0.99672380249313808     
           5          27   1.6297725455923984     
          10          27   1.3207973934897244     
          11          28  0.97320743368747487     
          27          28  0.92425825883428148     
          28          29  0.99216897097626489     
           6          30   1.6361039336450096     
          11          30   1.3102361358973262     
          12          31  0.96003641902732861     
          30          31  0.92208390991977141     
          31          32  0.99823669565517248     
          32          33   1.0043605685824990     
          12          34  0.97727327551115883     
          33          34   1.0027373029900182     
          14          35  0.94598184967077803     
          15          36  0.97813352368631523     
          15          37  0.97464933650532704     
          16          38  0.97669782704904862     
          16          39  0.97752533661231045     
          17          40  0.96691198988105587     
          17          41  0.96795999482065587     
           8          42  0.93124711160446150     
          19          43  0.94715725994351629     
          20          44  0.98242297603357587     
          20          45  0.98121375279608269     
          20          46  0.97747500706469637     
           9          47  0.92893201597507180     
          22          48  0.93900009373510473     
          23          49  0.98123822702655927     
          23          50  0.98535170040345210     
          23          51  0.98222552084951409     
          10          52  0.87741849511193248     
          25          53  0.95436661967967584     
          26          54  0.98459758852458168     
          26          55  0.98419819710362988     
          26          56  0.98120434960044078     
          11          57  0.89698566786860812     
          28          58  0.96514624273770555     
          29          59  0.98373739188099019     
          29          60  0.98374713113598522     
          29          61  0.97969568651830663     
          31          62  0.95242668857383284     
          32          63  0.97822126769313444     
          32          64  0.97145034245456630     
          33          65  0.97877908188260998     
          33          66  0.97520798889078575     
          34          67  0.95734234786689110     
          34          68  0.96690600013826089     
