   -0.36855062
    0.35749342
   -0.37086224
    0.36256450
   -0.04055829
    0.08121585
    0.08119874
   -0.16605319
    0.18377492
    0.26914047
   -0.44384829
   -0.02473518
    0.06656658
    0.09976508
   -0.16879733
    0.20656581
    0.26664834
   -0.43622908
    0.02732925
   -0.35257317
    0.15043200
    0.15160865
    0.05195638
   -0.07078866
    0.03859947
    0.06403126
    0.01101079
   -0.03973274
    0.02611950
   -0.03167293
    0.02900544
   -0.03312620
    0.02935552
   -0.02982953
    0.03031983
   -0.03902188
    0.03167753
