           1           2   1.7821072585266713     
           1           3  0.18270351585674527     
           2           3   1.1939704061266279     
           3           4  0.78237446974079639     
           2           5  0.92447381563978170     
           5           6  0.97367895139522087     
           5           7  0.95364562666626862     
           5           8  0.98553154295716883     
           8           9  0.94026037298840681     
           8          10   1.2843447183348096     
           8          11  0.19075743479585144     
          10          11   1.6292517149904331     
          10          12  0.95646620560812345     
          12          13  0.94941976002996065     
          12          14  0.94489356432812432     
          12          15   1.0157004497883513     
          15          16  0.91213190196364979     
          15          17   1.2504012917872764     
          15          18  0.19271585883531092     
          17          18   1.6911635037810564     
          17          19  0.94073659350864569     
          19          20   1.0210797759460613     
          20          21  0.95914497234775697     
          20          22  0.96087698444740965     
          19          23  0.94572655240445103     
          19          24  0.95863912606224833     
          24          25  0.97302380469449412     
          24          26  0.96425760114135062     
          24          27   1.0157735373558425     
          27          28   1.4134044868527016     
          28          29  0.96919199763947739     
          28          30   1.4403940639632558     
          30          31  0.97131454194770306     
          27          32  0.10891368988912542     
          30          32   1.4426688399270144     
          32          33  0.97159343590557989     
          28          34  0.10956540749443204     
          32          34   1.4332895200661580     
          34          35  0.97116980317367230     
          27          36   1.4049893986212638     
          30          36  0.11183298111443765     
          34          36   1.4517210381656043     
          36          37  0.96934028252744187     
