   -0.37288178
    0.35826468
   -0.37389969
    0.36245284
   -0.03852048
    0.08150177
    0.07132761
   -0.17276394
    0.23048381
    0.26774844
   -0.45240932
   -0.02619137
    0.08230549
    0.07927872
   -0.16827206
    0.20483264
    0.26056566
   -0.45107441
    0.02799572
   -0.35434713
    0.15470984
    0.14749485
    0.05681678
   -0.07059770
    0.03640668
    0.06574834
    0.00966861
   -0.03974789
    0.02479231
   -0.03107209
    0.03089844
   -0.03194755
    0.03210140
   -0.02900261
    0.03315674
   -0.03891984
    0.03309649
