           1           2   1.7782822359555066     
           1           3  0.18189536062597914     
           2           3   1.1951604538150140     
           3           4  0.77745246146652836     
           2           5  0.92520812565790844     
           5           6  0.97360175915093894     
           5           7  0.95255382533428201     
           5           8  0.99043044885111120     
           8           9  0.88116193162342060     
           8          10   1.3305722620824130     
           8          11  0.20535613806665823     
          10          11   1.6096078762057873     
          10          12  0.94296812123656060     
          12          13  0.97127815433657694     
          12          14  0.95362462147023708     
          12          15  0.99253361022197828     
          15          16  0.91511903034497433     
          15          17   1.2925938405238608     
          15          18  0.19390959166830282     
          17          18   1.6344827767580394     
          17          19  0.94391782568224947     
          19          20   1.0195652045457906     
          20          21  0.95889019903246842     
          20          22  0.96211523492128470     
          19          23  0.94395485425405845     
          19          24  0.95981356820421782     
          24          25  0.97303315177816119     
          24          26  0.96428471463832910     
          24          27   1.0139279216740846     
          27          28   1.4146959260473317     
          28          29  0.96922243492570503     
          28          30   1.4399939770165855     
          30          31  0.97120128623134949     
          27          32  0.10904536133108018     
          30          32   1.4429976979596499     
          32          33  0.97141923493122939     
          28          34  0.10991331838879477     
          32          34   1.4337054576491703     
          34          35  0.97102698454448677     
          27          36   1.4062821514360884     
          30          36  0.11198981436080239     
          34          36   1.4510620600465893     
          36          37  0.96921568680806547     
