   -0.37660422
    0.35847477
   -0.37897583
    0.36482980
   -0.03685324
    0.06880588
    0.07736442
   -0.16556435
    0.21128744
    0.26858776
   -0.45830324
    0.03371668
    0.03086446
   -0.34773379
    0.15154064
    0.14330142
   -0.06068374
    0.05202449
    0.04916332
   -0.03596472
   -0.00689514
    0.03613647
   -0.10532414
    0.16020564
    0.04258190
   -0.05355710
    0.02529092
   -0.03659226
    0.03012271
   -0.04297876
    0.02761524
   -0.04317112
    0.03819363
   -0.02090594
