           1           2   1.2023844661802576     
           1           3  0.18306206959556864     
           2           3   1.7717455475555470     
           1           4  0.76473021192717971     
           2           5  0.92634858041977752     
           5           6  0.95183928090098802     
           5           7  0.97402100340217290     
           5           8  0.99061483390576055     
           8           9  0.91122142252478244     
           8          10   1.3092095625779419     
           8          11  0.19161906840229809     
          10          11   1.6060290887704365     
          10          12  0.95175363395765744     
          12          13  0.95580530060603985     
          12          14   1.0160144199976484     
          14          15  0.95873693897321377     
          14          16  0.96432013855037990     
          12          17  0.95388195012189436     
          17          18  0.96340301610296208     
          17          19  0.97518710419907817     
          17          20   1.0161328799050942     
          20          21   1.5832875282469157     
          21          22  0.96925176100074850     
          21          23   1.1970221578068616     
          23          24  0.94653719130116709     
          23          25   1.1750793799493586     
          25          26   1.3381710139040457     
          26          27  0.96845521952943059     
          26          28   1.4940705235456748     
          28          29  0.97194282570116575     
          28          30   1.3708630020296284     
          30          31  0.97168906019963086     
          26          32  0.11348893086646673     
          30          32   1.5049828760602064     
          32          33  0.96613900067468994     
          20          34   1.2021580216991428     
          25          34   1.2482498283102275     
          32          34   1.3281762292924932     
