           2           7  0.20089402297416498     
           3           8  0.18939794070148844     
           4           9  0.18482473953358808     
           5          10  0.20180385777400817     
           6          11  0.19933932882574698     
           1          12  0.19532343768393370     
           1          13   1.5930687022098935     
          12          13   1.3083765833742098     
           7          14  0.98314212802867906     
          13          14  0.93861939458409360     
          14          15  0.97606727985052566     
          15          16   1.0048094937193355     
           7          17  0.97418056339484782     
          16          17   1.0081946756129858     
           2          18   1.6696083079883621     
           7          18   1.2671474649248222     
           8          19  0.96471944946322419     
          18          19  0.92794806211780778     
          19          20   1.0002120686528970     
           3          21   1.6405503109356361     
           8          21   1.2927933904446380     
           9          22  0.99576704188365406     
          21          22  0.92435657592558107     
          22          23  0.99905104536174583     
           4          24   1.7123815288718305     
           9          24   1.2241027144802508     
          10          25  0.97939813390580832     
          24          25  0.92894825230984002     
          25          26  0.99672380249313852     
           5          27   1.6297725455924010     
          10          27   1.3207973934897261     
          11          28  0.97320743368747276     
          27          28  0.92425825883428048     
          28          29  0.99216897097626433     
           6          30   1.6361039336450076     
          11          30   1.3102361358973282     
          12          31  0.96003641902732861     
          30          31  0.92208390991977185     
          31          32  0.99823669565517281     
          32          33   1.0043605685824994     
          12          34  0.97727327551116128     
          33          34   1.0027373029900193     
          14          35  0.94598184967077725     
          15          36  0.97813352368631512     
          15          37  0.97464933650532748     
          16          38  0.97669782704904784     
          16          39  0.97752533661231178     
          17          40  0.96691198988105653     
          17          41  0.96795999482065509     
           8          42  0.93124711160445961     
          19          43  0.94715725994351663     
          20          44  0.98242297603357742     
          20          45  0.98121375279608114     
          20          46  0.97747500706469870     
           9          47  0.92893201597507336     
          22          48  0.93900009373510396     
          23          49  0.98123822702655872     
          23          50  0.98535170040345132     
          23          51  0.98222552084951331     
          10          52  0.87741849511193148     
          25          53  0.95436661967967795     
          26          54  0.98459758852458112     
          26          55  0.98419819710363066     
          26          56  0.98120434960044323     
          11          57  0.89698566786860634     
          28          58  0.96514624273770688     
          29          59  0.98373739188098974     
          29          60  0.98374713113598300     
          29          61  0.97969568651830730     
          31          62  0.95242668857383339     
          32          63  0.97822126769313600     
          32          64  0.97145034245456741     
          33          65  0.97877908188260943     
          33          66  0.97520798889078619     
          34          67  0.95734234786689132     
          34          68  0.96690600013826411     
