   -0.45662011
   -0.47849532
   -0.46375484
   -0.42481714
   -0.44947093
   -0.45459526
   -0.08631585
   -0.18841354
   -0.19080390
   -0.16629920
   -0.18581677
   -0.10360021
    0.27010372
    0.02766492
   -0.05980329
   -0.06127794
   -0.01021620
    0.25983251
    0.03122843
   -0.11484981
    0.26369671
    0.01892518
   -0.11348110
    0.27909051
    0.03190464
   -0.11324060
    0.27439490
    0.02649535
   -0.11320352
    0.27422964
    0.02065807
   -0.06185079
   -0.06598698
   -0.00037400
    0.03820021
    0.04249751
    0.06710876
    0.04318849
    0.05502066
    0.04899828
    0.09222692
    0.23255361
    0.06133038
    0.08064520
    0.04937622
    0.04554136
    0.19380360
    0.06119592
    0.04942560
    0.07582949
    0.04802463
    0.21197591
    0.05087638
    0.04735943
    0.06740829
    0.05888594
    0.22113507
    0.06912858
    0.04598824
    0.06171993
    0.06802337
    0.07389511
    0.05208592
    0.05901517
    0.05204244
    0.05646973
    0.06079247
    0.04329390
