           2           7  0.19466269803139671     
           3           8  0.20233936767013405     
           4           9  0.19359741416709453     
           5          10  0.19761018056904767     
           6          11  0.19378341027279075     
           1          12  0.19207744032956769     
           1          13   1.6539835629906181     
          12          13   1.2606585262291814     
           7          14  0.96252040692679341     
          13          14  0.93696522417521111     
          14          15  0.98267573899938654     
          15          16   1.0037546107790916     
           7          17  0.97350167397011989     
          16          17   1.0044592175255007     
           2          18   1.5979527428435856     
           7          18   1.3085274557510898     
           8          19  0.97449348481754627     
          18          19  0.93138312671374601     
          19          20   1.0020827173691622     
           3          21   1.6351027797498179     
           8          21   1.3152426513392916     
           9          22  0.99216045682847187     
          21          22  0.92073198826602809     
          22          23  0.99659306139691928     
           4          24   1.6985140621129717     
           9          24   1.2392333422114310     
          10          25  0.97411618534321676     
          24          25  0.93275301376550857     
          25          26  0.99838170219373623     
           5          27   1.6169861400680909     
          10          27   1.3186184568524140     
          11          28  0.97055826213896823     
          27          28  0.92627893961131580     
          28          29   1.0090561865364402     
           6          30   1.6466907124918042     
          11          30   1.2914109526719986     
          12          31  0.97053749261191802     
          30          31  0.93261577168037091     
          31          32  0.98027436069684248     
          32          33   1.0056884060701095     
          12          34  0.97969173083600303     
          33          34   1.0027762836320759     
          14          35  0.95644540308780090     
          15          36  0.97832136755698440     
          15          37  0.97346668346746212     
          16          38  0.97993390026229843     
          16          39  0.97680346988355704     
          17          40  0.96793949405512669     
          17          41  0.95167783050526833     
           8          42  0.85962534839987603     
          19          43  0.95545178697043398     
          20          44  0.97611475641396139     
          20          45  0.98508226588493775     
          20          46  0.98414962915274162     
           9          47  0.92723098949042049     
          22          48  0.94343135060877903     
          23          49  0.98539520467887742     
          23          50  0.97879325702484699     
          23          51  0.98474783827619872     
          10          52  0.90789946680550893     
          25          53  0.95166934544826653     
          26          54  0.98414789477845888     
          26          55  0.98338727659095149     
          26          56  0.98096362969458528     
          11          57  0.89232348206566381     
          28          58  0.95329102386591580     
          29          59  0.98564086235322268     
          29          60  0.98183561532933805     
          29          61  0.97982333058640858     
          31          62  0.95384669414398005     
          32          63  0.97652631886536612     
          32          64  0.97547001626967900     
          33          65  0.97717426187557199     
          33          66  0.97733472535663268     
          34          67  0.96723259225141334     
          34          68  0.96855702819552136     
