   -0.37603804
    0.35833863
   -0.37676890
    0.36415004
   -0.03925861
    0.07388043
    0.07810110
   -0.16532253
    0.20310414
    0.26396745
   -0.45348637
    0.02615644
    0.06216114
   -0.35444877
    0.15230958
    0.14555835
   -0.05811178
    0.03958252
    0.03780043
   -0.03162001
    0.00092014
    0.04455698
   -0.10083643
    0.15972536
    0.04446000
   -0.05216564
    0.02345081
   -0.03707834
    0.02711113
   -0.04246001
    0.02414540
   -0.03864533
    0.01865410
   -0.02189343
