           1           2   1.2000288346886712     
           1           3  0.18272930109558372     
           2           3   1.7742904267429584     
           1           4  0.76859062793548494     
           2           5  0.92509444511586658     
           5           6  0.95202381016973159     
           5           7  0.97409985072028715     
           5           8  0.99078061426936870     
           8           9  0.91891171114570991     
           8          10   1.3029547988020780     
           8          11  0.19312733709380961     
          10          11   1.6115136800498318     
          10          12  0.95214889671388647     
          12          13  0.94161756954925879     
          12          14   1.0138802062594645     
          14          15  0.96179771148968174     
          14          16  0.96472981358602572     
          12          17  0.96319673779204484     
          17          18  0.97536503539151942     
          17          19  0.96777476313747779     
          17          20   1.0159048545400553     
          20          21   1.5829350798751607     
          21          22  0.96858755117138773     
          21          23   1.2000727488745557     
          23          24  0.94678139602270450     
          23          25   1.1780011030278295     
          25          26   1.3400512014093031     
          26          27  0.96856909684743386     
          26          28   1.4922516343726016     
          28          29  0.97217518014877802     
          28          30   1.3719748170769073     
          30          31  0.97197421099398151     
          26          32  0.11248692622123944     
          30          32   1.5030562910711878     
          32          33  0.96923147568685519     
          20          34   1.2039537023677920     
          25          34   1.2443943749082274     
          32          34   1.3322321549290606     
