   -0.37454514
    0.35784319
   -0.37662708
    0.36418768
   -0.03973484
    0.07636690
    0.07810185
   -0.16352299
    0.20522826
    0.26127353
   -0.45970332
    0.02786779
    0.05613552
   -0.35533933
    0.15638837
    0.14866954
   -0.06486437
    0.06070874
    0.04008746
   -0.03319225
   -0.00859383
    0.03378356
   -0.10319970
    0.15907304
    0.04340256
   -0.05241983
    0.02414781
   -0.03615332
    0.02882491
   -0.04235056
    0.02607722
   -0.03790703
    0.02045139
   -0.02046573
