           1           2   1.1995295325766535     
           1           3  0.18268695549457087     
           2           3   1.7743033911784833     
           1           4  0.77177638999277998     
           2           5  0.92464981237678401     
           5           6  0.95247649816086999     
           5           7  0.97378036232934062     
           5           8  0.99090790900449421     
           8           9  0.91508475540203138     
           8          10   1.3083939992304170     
           8          11  0.19245563078715650     
          10          11   1.6047898952718795     
          10          12  0.95040509922098060     
          12          13  0.94348572139918740     
          12          14   1.0203952108053747     
          14          15  0.95819013572879952     
          14          16  0.96031673392119576     
          12          17  0.95733421345177283     
          17          18  0.96673783497087740     
          17          19  0.97126682799293995     
          17          20   1.0184197197334621     
          20          21   1.5791355781751457     
          21          22  0.96974859823806825     
          21          23   1.1968145857405430     
          23          24  0.94690174892217516     
          23          25   1.1785314907100000     
          25          26   1.3383886387804442     
          26          27  0.96849191683338653     
          26          28   1.4943377585466810     
          28          29  0.97203328065333983     
          28          30   1.3702658911300840     
          30          31  0.97183131689156288     
          26          32  0.11313962009399856     
          30          32   1.5052800433867610     
          32          33  0.96750596122697474     
          20          34   1.2046280163899565     
          25          34   1.2445361368748302     
          32          34   1.3298103478819747     
