   -0.45676969
   -0.47838718
   -0.46339588
   -0.42489495
   -0.44939882
   -0.45446299
   -0.08648813
   -0.18870288
   -0.19056600
   -0.16639740
   -0.18570451
   -0.10337189
    0.27007219
    0.02760538
   -0.05984442
   -0.06131629
   -0.00957005
    0.25980564
    0.03118660
   -0.11482577
    0.26358730
    0.01873558
   -0.11355294
    0.27909895
    0.03190146
   -0.11327930
    0.27438108
    0.02648915
   -0.11318293
    0.27438261
    0.02067654
   -0.06187452
   -0.06600378
   -0.00046646
    0.03838343
    0.04256834
    0.06692931
    0.04336629
    0.05499259
    0.04966513
    0.09094509
    0.23230849
    0.06149968
    0.08066400
    0.04930205
    0.04559167
    0.19371164
    0.06117268
    0.04922040
    0.07594427
    0.04811802
    0.21210214
    0.05078100
    0.04742077
    0.06740449
    0.05881993
    0.22103974
    0.06901717
    0.04608497
    0.06148173
    0.06814115
    0.07380818
    0.05215075
    0.05888263
    0.05208257
    0.05651262
    0.06112137
    0.04330000
