   -0.37301747
    0.35822540
   -0.37403323
    0.36251803
   -0.03895022
    0.07254340
    0.08169494
   -0.17180546
    0.22959893
    0.26740773
   -0.45199091
   -0.02620290
    0.07946714
    0.08179940
   -0.16808500
    0.20440424
    0.26052740
   -0.45168051
    0.02857789
   -0.35456923
    0.15403315
    0.14821428
    0.05484920
   -0.07006747
    0.03793318
    0.06560735
    0.00982635
   -0.03955030
    0.02504902
   -0.03104480
    0.03093620
   -0.03197415
    0.03211834
   -0.02907380
    0.03310113
   -0.03893514
    0.03254788
