           1           2   1.7781331619233571     
           1           3  0.18184956712548639     
           2           3   1.1951137568734158     
           3           4  0.77741407731119383     
           2           5  0.92526094104541490     
           5           6  0.95245879604017358     
           5           7  0.97356997822429547     
           5           8  0.99032402506433526     
           8           9  0.88240304630255761     
           8          10   1.3306337399109454     
           8          11  0.20539324584864815     
          10          11   1.6096210163104094     
          10          12  0.94258514549534189     
          12          13  0.95373379417210891     
          12          14  0.97121455624537834     
          12          15  0.99302432025355691     
          15          16  0.91585736036651344     
          15          17   1.2916235888211534     
          15          18  0.19374346673044265     
          17          18   1.6342905150662939     
          17          19  0.94463517236124384     
          19          20   1.0205183638141151     
          20          21  0.95915931881173278     
          20          22  0.96187934876468861     
          19          23  0.94464847758189019     
          19          24  0.95797531327942598     
          24          25  0.97320000048259114     
          24          26  0.96415068118166214     
          24          27   1.0138454855636589     
          27          28   1.4148248616502845     
          28          29  0.96919802839384783     
          28          30   1.4400424955847280     
          30          31  0.97121124702708028     
          27          32  0.10911410600516364     
          30          32   1.4429113995298717     
          32          33  0.97142170648845938     
          28          34  0.10979740072500141     
          32          34   1.4336747005269390     
          34          35  0.97100768595560916     
          27          36   1.4060131605020978     
          30          36  0.11203987858259770     
          34          36   1.4512538053451478     
          36          37  0.96924261245139709     
