   -0.38298980
    0.35965171
   -0.37790376
    0.36471936
   -0.03959839
    0.07832965
    0.07489936
   -0.15454222
    0.20581642
    0.27000802
   -0.46300505
    0.03141204
    0.03118440
   -0.35151897
    0.14126016
    0.15035803
   -0.06676208
    0.05749338
    0.04190707
   -0.04337330
   -0.00448366
    0.03429607
   -0.09774455
    0.16404419
    0.04785692
   -0.04407729
    0.03083909
   -0.02830629
    0.03535144
   -0.03866765
    0.02686232
   -0.04359819
    0.01654600
   -0.02626444
