           1           2   1.1967285938199819     
           1           3  0.18091771925302966     
           2           3   1.7745739007820156     
           1           4  0.76260440061216817     
           2           5  0.92568496818571533     
           5           6  0.97433354462478938     
           5           7  0.95135359043839640     
           5           8  0.99184371072339317     
           8           9  0.92416163775329740     
           8          10   1.3124284898252199     
           8          11  0.19181237665179693     
          10          11   1.5994516327269004     
          10          12  0.94942230771398894     
          12          13  0.96040926448434427     
          12          14   1.0121938373251869     
          14          15  0.96516687633597797     
          14          16  0.96157315604539939     
          12          17  0.95536933793120726     
          17          18  0.96969976332428676     
          17          19  0.97271952298189701     
          17          20   1.0123240052306735     
          20          21   1.5744829382092460     
          21          22  0.96973296396873099     
          21          23   1.2060418786195477     
          23          24  0.94533234313867953     
          23          25   1.1767050058489670     
          25          26   1.3367757072170487     
          26          27  0.96813395297286320     
          26          28   1.4979131974495881     
          28          29  0.97156349714291002     
          28          30   1.3681273592923129     
          30          31  0.97177312861901755     
          26          32  0.11411122347711539     
          30          32   1.5083046477915172     
          32          33  0.96695270835319724     
          20          34   1.2039759627265132     
          25          34   1.2502547276931073     
          32          34   1.3259744933610524     
