   -0.37306282
    0.35789026
   -0.36855603
    0.36278979
   -0.04147311
    0.07804491
    0.07903691
   -0.16628100
    0.19053800
    0.26893995
   -0.44934134
   -0.02897000
    0.08182622
    0.10854212
   -0.18125324
    0.19574451
    0.26166079
   -0.43598949
    0.02545300
   -0.35650930
    0.15050111
    0.14840698
    0.05456025
   -0.07166203
    0.06481374
    0.03821767
    0.00754373
   -0.04682073
    0.04937861
   -0.03504548
    0.05009721
   -0.03485519
    0.03691234
   -0.03372745
    0.03050472
   -0.04322083
    0.02536522
