           1           2   1.7768858922282351     
           1           3  0.18216032349954081     
           2           3   1.1956821382967358     
           3           4  0.78609515428438526     
           2           5  0.92478581993912179     
           5           6  0.96836020299690162     
           5           7  0.95514872154237374     
           5           8  0.98988219308525294     
           8           9  0.91812016942896102     
           8          10   1.2931685667877646     
           8          11  0.19286823677460652     
          10          11   1.6213630527565981     
          10          12  0.95800964300267333     
          12          13  0.95796002233829203     
          12          14  0.93536720915487115     
          12          15   1.0050814823611907     
          15          16  0.91795369873430110     
          15          17   1.2540253023771377     
          15          18  0.19728778868291641     
          17          18   1.6832399266711708     
          17          19  0.94052486610108543     
          19          20   1.0219970262950848     
          20          21  0.96225348125817634     
          20          22  0.95395784762333746     
          19          23  0.94882704576418109     
          19          24  0.95365704187496148     
          24          25  0.96717144227761442     
          24          26  0.97230063425400193     
          24          27   1.0162571170636876     
          27          28   1.4006327876003228     
          28          29  0.96588413962291675     
          28          30   1.4449858966943716     
          30          31  0.96868530025301425     
          27          32  0.10867054712323790     
          30          32   1.4287974254886735     
          32          33  0.97047924801579799     
          28          34  0.11081962384980437     
          32          34   1.4444471496508520     
          34          35  0.97114426828340827     
          27          36   1.4129743173604268     
          30          36  0.10897021453567360     
          34          36   1.4364047460329963     
          36          37  0.96835743595974455     
