           2           7  0.19488648457221147     
           3           8  0.20417792894672754     
           4           9  0.19351711450169243     
           5          10  0.19818644717571557     
           6          11  0.19191196926231452     
           1          12  0.19465398730353281     
           1          13   1.6500606136416589     
          12          13   1.2662044761043536     
           7          14  0.96495555823114909     
          13          14  0.93652274091768528     
          14          15  0.98243840864326160     
          15          16   1.0034914950198086     
           7          17  0.97609590271684876     
          16          17   1.0046198425105985     
           2          18   1.6082576681963772     
           7          18   1.3002779402416269     
           8          19  0.97534424140280207     
          18          19  0.93197347493710381     
          19          20   1.0021775881725525     
           3          21   1.6378736392312057     
           8          21   1.3155461937159478     
           9          22  0.99209751570625992     
          21          22  0.91883259700997988     
          22          23  0.99797622703087929     
           4          24   1.6981900493041300     
           9          24   1.2387795297829913     
          10          25  0.97500461397250704     
          24          25  0.93308075586854067     
          25          26  0.99793649542877438     
           5          27   1.6107968040232037     
          10          27   1.3260944014044860     
          11          28  0.97175502484405218     
          27          28  0.92650176560837927     
          28          29   1.0089184834797715     
           6          30   1.6473655831061980     
          11          30   1.2867375066115201     
          12          31  0.96439204274992740     
          30          31  0.93785216338762034     
          31          32  0.98073070941851270     
          32          33   1.0039662689429458     
          12          34  0.98066487299714877     
          33          34   1.0033423557066787     
          14          35  0.95553530278225551     
          15          36  0.97839080353034047     
          15          37  0.97489480897045777     
          16          38  0.97967603987412644     
          16          39  0.97680031680571244     
          17          40  0.96614167284018881     
          17          41  0.95771894549481096     
           8          42  0.85626180793310591     
          19          43  0.95299638639455753     
          20          44  0.98537456231064180     
          20          45  0.98397667510345133     
          20          46  0.97602946394777246     
           9          47  0.92731914381754010     
          22          48  0.94324044989238720     
          23          49  0.98561117349699279     
          23          50  0.97861619027935787     
          23          51  0.98465418830317353     
          10          52  0.90023329661488216     
          25          53  0.95144077776957203     
          26          54  0.98437354210516470     
          26          55  0.98338012640088424     
          26          56  0.98107361119113479     
          11          57  0.89834360495160714     
          28          58  0.95302342384063754     
          29          59  0.98571252163246093     
          29          60  0.98175611220839376     
          29          61  0.97975780689616421     
          31          62  0.95522726810594616     
          32          63  0.97708959640205373     
          32          64  0.97603365933614672     
          33          65  0.97910391052830359     
          33          66  0.97679393045880691     
          34          67  0.96641101558442344     
          34          68  0.96993484398747931     
