   -0.37756405
    0.35588778
   -0.37562696
    0.35063625
   -0.04198761
    0.10932724
    0.07814867
   -0.17739438
    0.20088950
    0.27028048
   -0.41590589
   -0.02738449
    0.08016948
    0.06746334
   -0.15592840
    0.21028525
    0.26163416
   -0.48173702
    0.02830271
   -0.35591029
    0.15484924
    0.15182005
    0.05697134
   -0.07398991
    0.04723556
    0.06490608
    0.01092435
   -0.03937986
    0.03071281
   -0.02960132
    0.03176147
   -0.03218133
    0.03145778
   -0.03072701
    0.03169626
   -0.03903529
    0.02899402
