           1           2   1.7735932066881650     
           1           3  0.17264152374715269     
           2           3   1.1736149129396793     
           3           4  0.79825375075409299     
           2           5  0.93692037570560016     
           5           6  0.94617854756279685     
           5           7  0.94906508220831520     
           5           8   1.0048548465639766     
           8           9  0.91707169609948780     
           8          10   1.2595957568075582     
           8          11  0.20563980082104330     
          10          11   1.7037579351310077     
          10          12  0.92886655754699976     
          12          13  0.97121857545475310     
          12          14  0.96385658519420936     
          12          15  0.98752094962684878     
          15          16  0.91199543310159581     
          15          17   1.3207015278638288     
          15          18  0.18531789894679315     
          17          18   1.5859391513850565     
          17          19  0.94907417394212801     
          19          20   1.0190950178497049     
          20          21  0.95866352670735289     
          20          22  0.96096405093486315     
          19          23  0.94263591641623323     
          19          24  0.95936536292360408     
          24          25  0.97216078005447104     
          24          26  0.96421742085969520     
          24          27   1.0133451625088923     
          27          28   1.4065686067797516     
          28          29  0.96932156845286965     
          28          30   1.4508634340822202     
          30          31  0.97110012492129538     
          27          32  0.10920374785862462     
          30          32   1.4339295378537706     
          32          33  0.97146000034009661     
          28          34  0.11199605896575017     
          32          34   1.4427650336553768     
          34          35  0.97115885829391546     
          27          36   1.4148915347047177     
          30          36  0.10995467218162311     
          34          36   1.4402859902844616     
          36          37  0.96902157014746648     
