   -0.37143885
    0.35789152
   -0.36040971
    0.32606626
   -0.03262858
    0.06855119
    0.09732355
   -0.18931490
    0.22243594
    0.27509843
   -0.42236803
   -0.02801434
    0.07913922
    0.07514277
   -0.16238892
    0.20496942
    0.27114669
   -0.46119694
    0.03565295
   -0.35630381
    0.16611810
    0.14528581
    0.03127948
   -0.06701375
    0.04855070
    0.04693702
    0.01204423
   -0.03692147
    0.03791332
   -0.03181561
    0.03071744
   -0.03393933
    0.02965044
   -0.03141288
    0.03017305
   -0.03854770
    0.03162732
