           1           2   1.7890713061428412     
           1           3  0.16263587925808828     
           2           3   1.1309828802671504     
           3           4  0.87225982137084135     
           2           5  0.94892829536386969     
           5           6  0.95392507580945174     
           5           7  0.94218069432260543     
           5           8   1.0148857893909629     
           8           9  0.88713330823818992     
           8          10   1.2451263856733141     
           8          11  0.19523791736281937     
          10          11   1.7066631466073130     
          10          12  0.93707264293991066     
          12          13  0.95840893643199099     
          12          14  0.97161561291960929     
          12          15  0.99181254093251170     
          15          16  0.91744601210666032     
          15          17   1.2930287508945644     
          15          18  0.19149520723351132     
          17          18   1.6277307750124084     
          17          19  0.94946168875032788     
          19          20   1.0172225991925103     
          20          21  0.95217348742564201     
          20          22  0.96158536346193135     
          19          23  0.95451199274106191     
          19          24  0.95517339864309347     
          24          25  0.97285577825456260     
          24          26  0.96773010759501354     
          24          27   1.0142725456165127     
          27          28   1.4123193672758070     
          28          29  0.96869916785263332     
          28          30   1.4440609944591405     
          30          31  0.97119731969426715     
          27          32  0.10983090393203841     
          30          32   1.4396117773643837     
          32          33  0.97156475028689870     
          28          34  0.11045278326402577     
          32          34   1.4365626228881057     
          34          35  0.97119855879318673     
          27          36   1.4099660773045357     
          30          36  0.11114458081238808     
          34          36   1.4474919048090107     
          36          37  0.96901213409806508     
