   -0.37285156
    0.35760237
   -0.36955009
    0.36229343
   -0.04017815
    0.07844384
    0.07905825
   -0.16549504
    0.19636575
    0.26870506
   -0.45257893
   -0.02930670
    0.07886417
    0.10677644
   -0.18083720
    0.19456332
    0.26494355
   -0.43153006
    0.03089060
   -0.35366624
    0.14381540
    0.14966238
    0.03256065
   -0.06875298
    0.04749075
    0.04754192
    0.00625391
   -0.02834943
    0.03706454
   -0.02321184
    0.03937066
   -0.02803828
    0.04138425
   -0.03292259
    0.04304857
   -0.05027405
    0.02084332
