           1           2   1.7779257974001454     
           1           3  0.18193726298102483     
           2           3   1.1941480693909958     
           3           4  0.78670946061619951     
           2           5  0.92519216219128031     
           5           6  0.97006238809237766     
           5           7  0.95443710682658067     
           5           8  0.99084509682913968     
           8           9  0.91151589300210667     
           8          10   1.2986491613291040     
           8          11  0.19361669119732358     
          10          11   1.6168365701289167     
          10          12  0.95895781304439709     
          12          13  0.95819039007375528     
          12          14  0.93489267357281736     
          12          15   1.0042571052425213     
          15          16  0.92596063118740379     
          15          17   1.2453773770752374     
          15          18  0.19778401101259327     
          17          18   1.6960214694903879     
          17          19  0.94158775862891786     
          19          20   1.0119321298060620     
          20          21  0.96488977239025875     
          20          22  0.96134329163487897     
          19          23  0.95787138164782915     
          19          24  0.96386582613178995     
          24          25  0.96399005908776247     
          24          26  0.97357804334979448     
          24          27   1.0089908762312223     
          27          28   1.4111414360709662     
          28          29  0.96879541851555839     
          28          30   1.4479694809354755     
          30          31  0.97058067002536130     
          27          32  0.10961223049239149     
          30          32   1.4362211169451402     
          32          33  0.97073067794406209     
          28          34  0.11218372356159056     
          32          34   1.4418049463318643     
          34          35  0.96873077451841272     
          27          36   1.4103199251725580     
          30          36  0.10836020122338548     
          34          36   1.4337388395314778     
          36          37  0.96401309118270673     
