   -0.37680793
    0.35919053
   -0.38651495
    0.36747440
   -0.03916281
    0.07719629
    0.07458338
   -0.16007168
    0.20118407
    0.27094319
   -0.45391304
    0.03228659
    0.03560773
   -0.35312306
    0.14249521
    0.15072787
   -0.06458254
    0.04661057
    0.04714754
   -0.04277894
   -0.01009359
    0.02885794
   -0.09677644
    0.17242545
    0.04812878
   -0.04966176
    0.02803182
   -0.03542946
    0.02811025
   -0.04030648
    0.02570385
   -0.03357496
    0.02313663
   -0.01704446
