           1           2   1.2043756704292365     
           1           3  0.18147436628918129     
           2           3   1.7640634394579453     
           1           4  0.76536953890168569     
           2           5  0.92631272089645988     
           5           6  0.97469687216469447     
           5           7  0.95517221424585197     
           5           8  0.99030315074117847     
           8           9  0.92775302389628189     
           8          10   1.2975231309097142     
           8          11  0.19073862636839720     
          10          11   1.6159280551768738     
          10          12  0.94899997374568201     
          12          13  0.95981514529189971     
          12          14   1.0111251896330835     
          14          15  0.96507921822598886     
          14          16  0.96158052727528420     
          12          17  0.95695284930827218     
          17          18  0.97229904621130614     
          17          19  0.96965188779398137     
          17          20   1.0124556938314959     
          20          21   1.5711655164334153     
          21          22  0.96921924399069614     
          21          23   1.2080284531422278     
          23          24  0.94204173059723650     
          23          25   1.1798984624954914     
          25          26   1.3360840991372267     
          26          27  0.96837443271448020     
          26          28   1.4967086246871750     
          28          29  0.97207292270272627     
          28          30   1.3693823887873293     
          30          31  0.97189317142955045     
          26          32  0.11411782486737446     
          30          32   1.5068537191949773     
          32          33  0.96910302561638717     
          20          34   1.2056764021868513     
          25          34   1.2483118838161982     
          32          34   1.3297179023153618     
