   -0.37584041
    0.35748267
   -0.37780470
    0.36464505
   -0.03914636
    0.07354336
    0.07749901
   -0.16407001
    0.20456653
    0.26612609
   -0.45580094
    0.03207240
    0.03968524
   -0.35498726
    0.14561314
    0.15203121
   -0.05924984
    0.04129844
    0.04845167
   -0.03198489
   -0.00209275
    0.02662458
   -0.09869134
    0.16039001
    0.04703483
   -0.05125358
    0.02468878
   -0.03565068
    0.02876664
   -0.04094963
    0.02636541
   -0.03588361
    0.02237623
   -0.01585532
