           1           2   1.2008378067516876     
           1           3  0.18295373861817479     
           2           3   1.7731417148353759     
           1           4  0.76856284784629281     
           2           5  0.92442266456835598     
           5           6  0.95305487832298774     
           5           7  0.97387988033439576     
           5           8  0.99211727196210431     
           8           9  0.91784297264627857     
           8          10   1.3023019798523070     
           8          11  0.19294281067935126     
          10          11   1.6110937768841631     
          10          12  0.95340612006904590     
          12          13  0.95581542090909222     
          12          14   1.0113975054502440     
          14          15  0.96468259123477829     
          14          16  0.95982737739506752     
          12          17  0.95482294182041749     
          17          18  0.97432870824283802     
          17          19  0.96550640121603248     
          17          20   1.0167315157944405     
          20          21   1.5806744471351097     
          21          22  0.96988292646377106     
          21          23   1.2007099574464284     
          23          24  0.94659411078760891     
          23          25   1.1767904580058675     
          25          26   1.3384727754331680     
          26          27  0.96851684681468209     
          26          28   1.4940633443888418     
          28          29  0.97206088806334878     
          28          30   1.3710978217497292     
          30          31  0.97185829675466673     
          26          32  0.11351453532185092     
          30          32   1.5050775807896613     
          32          33  0.96903717550666457     
          20          34   1.2043684484815458     
          25          34   1.2477097890157831     
          32          34   1.3311532184986086     
