   -0.37864484
    0.35594023
   -0.37303960
    0.35075974
   -0.04222581
    0.07817852
    0.10936231
   -0.17653897
    0.20031929
    0.27007708
   -0.41644633
   -0.02705035
    0.06624324
    0.07967434
   -0.15567279
    0.21120055
    0.26210223
   -0.48421456
    0.03318354
   -0.35633511
    0.14652412
    0.15804539
    0.03870735
   -0.06665968
    0.04851243
    0.05575468
    0.01120252
   -0.04095873
    0.03157544
   -0.03057013
    0.03267997
   -0.03108559
    0.03369961
   -0.02845517
    0.03542796
   -0.03757794
    0.03630504
