           1           2   1.7712412470572649     
           1           3  0.17312325289226277     
           2           3   1.1761938605265272     
           3           4  0.79871839450075777     
           2           5  0.93729718367224502     
           5           6  0.94890718044333489     
           5           7  0.94551358412443065     
           5           8   1.0046807396915129     
           8           9  0.91767799432327113     
           8          10   1.2607821217338588     
           8          11  0.20593359453453783     
          10          11   1.7029283301499567     
          10          12  0.92875143427288509     
          12          13  0.96387083715771071     
          12          14  0.97119840768555021     
          12          15  0.98884840051656464     
          15          16  0.91077050247659408     
          15          17   1.3191740712488345     
          15          18  0.18553667305800337     
          17          18   1.5845003071009542     
          17          19  0.95099863882929436     
          19          20   1.0163054791813884     
          20          21  0.96444114442928819     
          20          22  0.95199371060441362     
          19          23  0.95235749600643682     
          19          24  0.95482946960463133     
          24          25  0.97373114084570189     
          24          26  0.96776810612781738     
          24          27   1.0093685859790358     
          27          28   1.4138364279909172     
          28          29  0.96826345593592278     
          28          30   1.4391435587071015     
          30          31  0.97105195029674085     
          27          32  0.10912027017751380     
          30          32   1.4429614015009018     
          32          33  0.97128959425855010     
          28          34  0.10992563585426569     
          32          34   1.4343201873323808     
          34          35  0.97086955633361127     
          27          36   1.4078291122783260     
          30          36  0.11209871151526316     
          34          36   1.4501246643604633     
          36          37  0.96886237264420538     
