   -0.36601344
    0.35845721
   -0.36784861
    0.36203019
   -0.04043405
    0.08148324
    0.08091471
   -0.16340552
    0.18679890
    0.26983912
   -0.44978797
   -0.02102257
    0.09321140
    0.06976772
   -0.18041655
    0.18903188
    0.26288812
   -0.43662789
    0.03216341
   -0.33760435
    0.16273233
    0.14240058
    0.03623983
   -0.07196695
    0.03710367
    0.06584895
    0.01094651
   -0.04357022
    0.02878740
   -0.03183550
    0.03579134
   -0.03103488
    0.03118363
   -0.02883510
    0.03055276
   -0.03600296
    0.03823366
