           1           2   1.7849948396803172     
           1           3  0.18257190026856124     
           2           3   1.1922169491604873     
           3           4  0.78663518660084530     
           2           5  0.92276792724838774     
           5           6  0.97337784620608980     
           5           7  0.95463883032845143     
           5           8  0.98590362713750357     
           8           9  0.93847451026835316     
           8          10   1.2917037230181332     
           8          11  0.19065907012215902     
          10          11   1.6182978064954912     
          10          12  0.96443095748853402     
          12          13  0.94959837521818213     
          12          14  0.94168650535017129     
          12          15   1.0091868940647204     
          15          16  0.92961473444613418     
          15          17   1.2298689575478630     
          15          18  0.18716252977341577     
          17          18   1.6976258466786345     
          17          19  0.93456507327370442     
          19          20   1.0320719801121676     
          20          21  0.95082237177232898     
          20          22  0.96346703286007185     
          19          23  0.95662690480899215     
          19          24  0.95484840298455265     
          24          25  0.97376775205571864     
          24          26  0.96602558727402887     
          24          27   1.0120736555365251     
          27          28   1.4127684836072310     
          28          29  0.96583339838172333     
          28          30   1.4445127789682983     
          30          31  0.96992999991602213     
          27          32  0.10980612953113980     
          30          32   1.4388695617077856     
          32          33  0.97146589888966950     
          28          34  0.11070735457958235     
          32          34   1.4383344342955147     
          34          35  0.97118318526362990     
          27          36   1.4115519123089177     
          30          36  0.11142060946123963     
          34          36   1.4454892324509541     
          36          37  0.96670896403519935     
