   -0.37924899
    0.35493713
   -0.36507467
    0.36161593
   -0.04308103
    0.07721323
    0.10756972
   -0.16686849
    0.17828405
    0.28019553
   -0.42680482
   -0.01622160
    0.05592681
    0.07153350
   -0.17424993
    0.18583182
    0.26704098
   -0.46965955
    0.03353613
   -0.33473626
    0.15933565
    0.14667404
    0.04109472
   -0.07395768
    0.07044334
    0.05141505
    0.00354324
   -0.04250323
    0.03345802
   -0.03192759
    0.03161075
   -0.03415610
    0.03099810
   -0.03184922
    0.03431755
   -0.04547502
    0.05923889
