           1           2   1.7685578192288940     
           1           3  0.17665023842378449     
           2           3   1.1854895864989863     
           3           4  0.80430346582130041     
           2           5  0.93719441770883005     
           5           6  0.95933691729014847     
           5           7  0.93982704278884244     
           5           8  0.99818070411208604     
           8           9  0.93813223392249190     
           8          10   1.2556310118011804     
           8          11  0.19736693354615356     
          10          11   1.6896411206113220     
          10          12  0.93872630976171889     
          12          13  0.96561040320825864     
          12          14  0.96449475305393984     
          12          15  0.99026874611551907     
          15          16  0.92587601878752102     
          15          17   1.2684404595865277     
          15          18  0.18291983920912366     
          17          18   1.6281525483617920     
          17          19  0.94361279794876007     
          19          20   1.0320430176235726     
          20          21  0.95765110889021177     
          20          22  0.96211429897803802     
          19          23  0.95488232501320502     
          19          24  0.94992945285555497     
          24          25  0.96144735290171712     
          24          26  0.97377513889907297     
          24          27   1.0146839990017738     
          27          28   1.4050327704316155     
          28          29  0.96902449492507836     
          28          30   1.4507025383081540     
          30          31  0.97107992903978957     
          27          32  0.10883331971744784     
          30          32   1.4335666498717268     
          32          33  0.97141247018976007     
          28          34  0.11153775688590672     
          32          34   1.4426741338778006     
          34          35  0.97091205084471766     
          27          36   1.4078489882887473     
          30          36  0.10995569964387583     
          34          36   1.4391480047918872     
          36          37  0.96338179597475126     
