           2           7  0.19470782749174209     
           3           8  0.20415856031538876     
           4           9  0.19404724288511255     
           5          10  0.19798454257792486     
           6          11  0.19329107448098418     
           1          12  0.19649946071543006     
           1          13   1.6432635669715294     
          12          13   1.2755130482854229     
           7          14  0.96307484141595312     
          13          14  0.93600167525550149     
          14          15  0.98273687658652809     
          15          16   1.0030313883719386     
           7          17  0.98071949133637004     
          16          17   1.0055578764186002     
           2          18   1.6119380860534873     
           7          18   1.2962066793962252     
           8          19  0.97766636578178134     
          18          19  0.93296822390212897     
          19          20   1.0024163720602033     
           3          21   1.6446423528489988     
           8          21   1.3107833278730627     
           9          22  0.99085345253970403     
          21          22  0.91722796116943450     
          22          23   1.0001122888155867     
           4          24   1.6995702601517233     
           9          24   1.2389379533614620     
          10          25  0.97537779617170106     
          24          25  0.93176609365207652     
          25          26  0.99823736089467774     
           5          27   1.6062792577170975     
          10          27   1.3286249481199259     
          11          28  0.97397799655683759     
          27          28  0.92856644263402510     
          28          29   1.0078669037074346     
           6          30   1.6591878732162739     
          11          30   1.2764817998621381     
          12          31  0.96275816505826450     
          30          31  0.93576032870071724     
          31          32  0.98239402802876841     
          32          33   1.0037935376606804     
          12          34  0.98006882742474022     
          33          34   1.0036712167123036     
          14          35  0.95754914515050216     
          15          36  0.97901408490671671     
          15          37  0.97552784212041788     
          16          38  0.97859760838540688     
          16          39  0.97633788658876131     
          17          40  0.95876215194708181     
          17          41  0.96294606469157706     
           8          42  0.85367599571868158     
          19          43  0.94836935711786063     
          20          44  0.98321865663333885     
          20          45  0.97617855920362340     
          20          46  0.98559256449733179     
           9          47  0.92663828905197243     
          22          48  0.94408646805699448     
          23          49  0.98556528387546627     
          23          50  0.97824676899786267     
          23          51  0.98436891439332086     
          10          52  0.90821210194264057     
          25          53  0.95210906353891511     
          26          54  0.98425354891163797     
          26          55  0.98335691025227701     
          26          56  0.98050148304320450     
          11          57  0.90502229719741467     
          28          58  0.95029627763588009     
          29          59  0.98146538294313412     
          29          60  0.98053476468770107     
          29          61  0.98574999949564468     
          31          62  0.95578614493672176     
          32          63  0.97715293828476546     
          32          64  0.97571417914317626     
          33          65  0.97912067982677642     
          33          66  0.97682343057643151     
          34          67  0.96516006643665075     
          34          68  0.97025523046781259     
