   -0.37276056
    0.35737425
   -0.37415234
    0.36410415
   -0.03929817
    0.08060831
    0.07729061
   -0.16762321
    0.18069029
    0.26937927
   -0.44819474
    0.03460037
    0.03007214
   -0.34304088
    0.15586658
    0.16192346
   -0.06455036
    0.02996972
    0.05351869
   -0.03123245
   -0.00902184
    0.02854173
   -0.10290763
    0.15899200
    0.04369426
   -0.05244588
    0.02412629
   -0.03535005
    0.02958515
   -0.04125993
    0.02868515
   -0.03762267
    0.02974523
   -0.01930692
