           1           2   1.1973426057795129     
           1           3  0.18282386079613439     
           2           3   1.7767539577846281     
           1           4  0.77633105328883267     
           2           5  0.92550445227492151     
           5           6  0.95361546446695478     
           5           7  0.97428447328993051     
           5           8  0.98628109769092509     
           8           9  0.93935499291740676     
           8          10   1.2826790298959860     
           8          11  0.18817129179804606     
          10          11   1.6197887980492003     
          10          12  0.95635620454934778     
          12          13  0.96090295845652618     
          12          14   1.0312851872857449     
          14          15  0.95341275838059181     
          14          16  0.95508210337502120     
          12          17  0.93147431323282726     
          17          18  0.97242786844429574     
          17          19  0.97100921956123121     
          17          20   1.0193165463981788     
          20          21   1.5756703486484662     
          21          22  0.96998817577561214     
          21          23   1.1978183280617325     
          23          24  0.94694016247859025     
          23          25   1.1766709058769105     
          25          26   1.3370632921905592     
          26          27  0.96849685055586510     
          26          28   1.4953966936568051     
          28          29  0.97196795656863000     
          28          30   1.3698617566501392     
          30          31  0.97169828204380293     
          26          32  0.11392010148655438     
          30          32   1.5063651039410557     
          32          33  0.96775579346431395     
          20          34   1.2019379666277885     
          25          34   1.2474652230469299     
          32          34   1.3282415055918415     
