   -0.37568397
    0.35619576
   -0.38016861
    0.36089511
   -0.03664032
    0.08067221
    0.08280779
   -0.17942789
    0.22485144
    0.26952953
   -0.45352125
   -0.02534340
    0.08131703
    0.08241433
   -0.17580035
    0.20643285
    0.26273405
   -0.44744006
    0.02941409
   -0.35849830
    0.15328798
    0.15554177
    0.05275793
   -0.07321818
    0.05528024
    0.06026502
    0.01154094
   -0.03903553
    0.03896783
   -0.03096499
    0.03049965
   -0.03345004
    0.02846564
   -0.03101346
    0.02854077
   -0.04011746
    0.02791186
