           1           2   1.7779798942333676     
           1           3  0.17664736059806643     
           2           3   1.1756724310419415     
           3           4  0.79686321860493814     
           2           5  0.93262519023237034     
           5           6  0.95897094469319932     
           5           7  0.97245826353631881     
           5           8  0.98510346810873461     
           8           9  0.89303420283016277     
           8          10   1.2993384998563451     
           8          11  0.19467759746298369     
          10          11   1.6241168840721203     
          10          12  0.94409451360909613     
          12          13  0.97069410204041362     
          12          14  0.96201397984518677     
          12          15  0.98505011757317673     
          15          16  0.91346823654772891     
          15          17   1.2698774036397324     
          15          18  0.18505729462794315     
          17          18   1.6510343067935818     
          17          19  0.94678107248686028     
          19          20   1.0167367142305057     
          20          21  0.95912032035540373     
          20          22  0.95947417919372069     
          19          23  0.94513697161703758     
          19          24  0.96099961492865993     
          24          25  0.96977534692076994     
          24          26  0.96459623025162211     
          24          27   1.0135551199834227     
          27          28   1.4138924791903873     
          28          29  0.96833593121595907     
          28          30   1.4413169373437689     
          30          31  0.97119335758826997     
          27          32  0.10915444353473754     
          30          32   1.4420431736684103     
          32          33  0.97162586431733222     
          28          34  0.11021281094530452     
          32          34   1.4343661652398632     
          34          35  0.97129778306317394     
          27          36   1.4072890960822448     
          30          36  0.11169896970647687     
          34          36   1.4500992253124156     
          36          37  0.96949160206169527     
