   -0.47463206
   -0.43729512
   -0.47366388
   -0.42083196
   -0.47766145
   -0.44220343
   -0.08662744
   -0.17259185
   -0.18601629
   -0.17400999
   -0.18433204
   -0.08380825
    0.25880958
    0.01857829
   -0.05733808
   -0.06194772
    0.00577028
    0.25747860
    0.02856197
   -0.11780580
    0.27397072
    0.02008914
   -0.11877525
    0.27595944
    0.02927787
   -0.11575395
    0.27139958
    0.02471715
   -0.11756308
    0.27463852
    0.01900804
   -0.06010333
   -0.06426350
   -0.00504911
    0.05846428
    0.04582209
    0.04412420
    0.04837989
    0.05730893
    0.04885422
    0.07310072
    0.18911581
    0.06508483
    0.05349313
    0.06439514
    0.06597626
    0.18890781
    0.07707116
    0.05410172
    0.04857459
    0.06332394
    0.22939462
    0.06056527
    0.04986338
    0.04986850
    0.07172325
    0.21203318
    0.06529151
    0.05130539
    0.05054080
    0.07001783
    0.06312771
    0.04166194
    0.07074837
    0.04807658
    0.07748022
    0.07486667
    0.04135046
