           2           7  0.20083518820495266     
           3           8  0.18962906662926951     
           4           9  0.18595472021018733     
           5          10  0.20204656966611428     
           6          11  0.19934337454894954     
           1          12  0.19534825468216127     
           1          13   1.5931077960379678     
          12          13   1.3081653041849861     
           7          14  0.98307959233606002     
          13          14  0.93872935685698444     
          14          15  0.97592846834498859     
          15          16   1.0048022554158185     
           7          17  0.97418706457289073     
          16          17   1.0081924662299224     
           2          18   1.6696279161826679     
           7          18   1.2670778841269963     
           8          19  0.96486931338152770     
          18          19  0.92799597857939742     
          19          20   1.0000416719543219     
           3          21   1.6412485331138409     
           8          21   1.2923151414793608     
           9          22  0.99585447801653171     
          21          22  0.92454843665694519     
          22          23  0.99881794633756638     
           4          24   1.7113740709783105     
           9          24   1.2264571254240966     
          10          25  0.97913017111889011     
          24          25  0.92882254840391953     
          25          26  0.99708975432043290     
           5          27   1.6296950208319188     
          10          27   1.3210428212267120     
          11          28  0.97321940914771954     
          27          28  0.92417531096034278     
          28          29  0.99213540857290183     
           6          30   1.6360845655333636     
          11          30   1.3102344045148842     
          12          31  0.96008545087743336     
          30          31  0.92216402996705982     
          31          32  0.99822336159984082     
          32          33   1.0043830219345780     
          12          34  0.97741448354514282     
          33          34   1.0028011915918218     
          14          35  0.94600832395073253     
          15          36  0.97813188055841649     
          15          37  0.97472484110332158     
          16          38  0.97666998281328865     
          16          39  0.97750136837127410     
          17          40  0.96689172731825535     
          17          41  0.96798078657443232     
           8          42  0.93123262844333377     
          19          43  0.94713297341694946     
          20          44  0.98244409388891885     
          20          45  0.98116666330972957     
          20          46  0.97743059937817156     
           9          47  0.92876915486536882     
          22          48  0.93874476305232513     
          23          49  0.98126723182842590     
          23          50  0.98535617185170832     
          23          51  0.98225564826615441     
          10          52  0.87720750800929526     
          25          53  0.95416916330433121     
          26          54  0.98467253670969568     
          26          55  0.98414456959469077     
          26          56  0.98117429506334231     
          11          57  0.89724461973614411     
          28          58  0.96511699449461663     
          29          59  0.98375244427302122     
          29          60  0.98372708736090242     
          29          61  0.97965083367440264     
          31          62  0.95238304633669835     
          32          63  0.97820358422323361     
          32          64  0.97145268342361191     
          33          65  0.97872978837458779     
          33          66  0.97523401243708752     
          34          67  0.95741057001774654     
          34          68  0.96687843462823109     
