   -0.37562558
    0.35839075
   -0.37693377
    0.36410088
   -0.03558120
    0.07087441
    0.07556848
   -0.16866736
    0.18984539
    0.26018090
   -0.45700153
    0.02597430
    0.06343394
   -0.33328912
    0.14158528
    0.15133022
   -0.07016281
    0.04465551
    0.05804227
   -0.03910817
   -0.00438463
    0.03762068
   -0.10001484
    0.16280371
    0.04440206
   -0.05144502
    0.02742564
   -0.03603941
    0.03232208
   -0.04208081
    0.02910889
   -0.04139741
    0.01704134
   -0.02297509
