           1           2   1.1999984588027366     
           1           3  0.18304445886044574     
           2           3   1.7740340589490016     
           1           4  0.76866373148293210     
           2           5  0.92704522050575122     
           5           6  0.95322972510836235     
           5           7  0.97431079425724576     
           5           8  0.98715242848345863     
           8           9  0.92884431934303102     
           8          10   1.2871116590299454     
           8          11  0.18788945042530883     
          10          11   1.6187432992025355     
          10          12  0.93625674584771545     
          12          13  0.96332893936613340     
          12          14   1.0127819617581244     
          14          15  0.96333925986238633     
          14          16  0.96260724391884656     
          12          17  0.96831096820611129     
          17          18  0.96922224379824307     
          17          19  0.96680833132742805     
          17          20   1.0133596729988401     
          20          21   1.5772631441851017     
          21          22  0.96959082471231328     
          21          23   1.2025867998339508     
          23          24  0.94580725599769311     
          23          25   1.1791493735684471     
          25          26   1.3378518660894945     
          26          27  0.96832372097169028     
          26          28   1.4954157755563864     
          28          29  0.97182105342564440     
          28          30   1.3691333205750220     
          30          31  0.97168030509493941     
          26          32  0.11295390724795619     
          30          32   1.5060944471281963     
          32          33  0.96565648842017282     
          20          34   1.2073251441075465     
          25          34   1.2446126538352724     
          32          34   1.3273300106757802     
