   -0.38214651
    0.35649004
   -0.37017584
    0.35711586
   -0.04289349
    0.07956816
    0.10927348
   -0.16803743
    0.19251241
    0.27292857
   -0.41964253
   -0.02259937
    0.06370250
    0.07699205
   -0.16251016
    0.18370957
    0.27517511
   -0.46431351
    0.03250697
   -0.33924190
    0.14771087
    0.16763763
    0.03643312
   -0.07085581
    0.03190273
    0.04464959
    0.00437767
   -0.04301419
    0.03343257
   -0.02940768
    0.03288154
   -0.02557145
    0.04284031
   -0.02614155
    0.03506801
   -0.03664296
    0.02628563
