           1           2   1.7640045958654207     
           1           3  0.17383780078853536     
           2           3   1.1834420525017992     
           3           4  0.79639543673556679     
           2           5  0.93931502348779061     
           5           6  0.94998219906084058     
           5           7  0.94104725810205880     
           5           8   1.0022925311115356     
           8           9  0.92754514005713140     
           8          10   1.2656022878494770     
           8          11  0.20543545950544878     
          10          11   1.6953531803719204     
          10          12  0.93238795479714898     
          12          13  0.96516234990648653     
          12          14  0.97005617280632106     
          12          15  0.98658098331468602     
          15          16  0.93841770931037916     
          15          17   1.2806497166516626     
          15          18  0.18363625912320256     
          17          18   1.6221140151186595     
          17          19  0.95450830328912695     
          19          20   1.0375001243790098     
          20          21  0.96022253629606857     
          20          22  0.95028888579732618     
          19          23  0.95403428925312495     
          19          24  0.93420058290274000     
          24          25  0.97396784116922686     
          24          26  0.96700739764267030     
          24          27   1.0141910967300636     
          27          28   1.4104733408581624     
          28          29  0.96734827716242766     
          28          30   1.4462138689597084     
          30          31  0.96999699027856201     
          27          32  0.10944780848717015     
          30          32   1.4365781626066239     
          32          33  0.97050407527921811     
          28          34  0.11125671186935804     
          32          34   1.4400048256471272     
          34          35  0.97096423398498466     
          27          36   1.4119442946594680     
          30          36  0.11045694334930499     
          34          36   1.4433231064070218     
          36          37  0.96823025665820539     
