   -0.38278869
    0.35764830
   -0.37682293
    0.36418586
   -0.04003566
    0.07629062
    0.08154400
   -0.15857153
    0.18913795
    0.27493721
   -0.45145609
    0.02395026
    0.06329601
   -0.34092061
    0.15160228
    0.13901792
   -0.06956907
    0.03454632
    0.03989786
   -0.04650146
   -0.00586816
    0.03500505
   -0.09687079
    0.16567006
    0.04807086
   -0.04264855
    0.03278075
   -0.02796630
    0.03621130
   -0.03867804
    0.02683713
   -0.04404255
    0.00937028
   -0.02725960
