           1           2   1.1919175164518396     
           1           3  0.18045313506058558     
           2           3   1.7762679721114758     
           1           4  0.76919930620015387     
           2           5  0.92701195268452241     
           5           6  0.97401632252959736     
           5           7  0.95295483357080868     
           5           8  0.98987080485947765     
           8           9  0.93082866962347721     
           8          10   1.2925181429683774     
           8          11  0.18902572868921483     
          10          11   1.6196258137753030     
          10          12  0.94570970087389461     
          12          13  0.96492246629699230     
          12          14   1.0202578918123000     
          14          15  0.96180820036227554     
          14          16  0.96259150383825487     
          12          17  0.94804723454062034     
          17          18  0.97156880575794402     
          17          19  0.97097489064815989     
          17          20   1.0133736811447058     
          20          21   1.5701005363889213     
          21          22  0.96979782804732539     
          21          23   1.2072184661774683     
          23          24  0.94475444085531579     
          23          25   1.1786853416084504     
          25          26   1.3370752943733981     
          26          27  0.96798207547725790     
          26          28   1.4978684421585757     
          28          29  0.97149348473757302     
          28          30   1.3682075882057803     
          30          31  0.97181167480848107     
          26          32  0.11384065048725203     
          30          32   1.5072006090745198     
          32          33  0.96615994593161869     
          20          34   1.2051241313357415     
          25          34   1.2479566135548594     
          32          34   1.3250722548340454     
