   -0.37144188
    0.35730783
   -0.36044422
    0.32612953
   -0.03279349
    0.09810799
    0.06831063
   -0.18760009
    0.22130023
    0.27439566
   -0.42292032
   -0.02919405
    0.07642806
    0.08056083
   -0.16796085
    0.20519888
    0.26757618
   -0.45733125
    0.03134884
   -0.35996141
    0.14879977
    0.16758525
    0.04752785
   -0.07315327
    0.05320127
    0.05838999
    0.01199368
   -0.03986319
    0.03289356
   -0.03195415
    0.02784537
   -0.03408030
    0.02720517
   -0.03085223
    0.02794614
   -0.03961298
    0.02911099
