           1           2   1.7861408348375378     
           1           3  0.16250103042897374     
           2           3   1.1317994396426341     
           3           4  0.87211823671181554     
           2           5  0.95001474884145154     
           5           6  0.94154388763910801     
           5           7  0.95319408252998894     
           5           8   1.0150245713237931     
           8           9  0.89016580018499047     
           8          10   1.2462408232990452     
           8          11  0.19612911192629731     
          10          11   1.7055643397797253     
          10          12  0.93726865537604220     
          12          13  0.97137164619429250     
          12          14  0.95868027905531572     
          12          15  0.99121184328426715     
          15          16  0.91434382637535661     
          15          17   1.2867165214644902     
          15          18  0.18898319329048757     
          17          18   1.6348744871422918     
          17          19  0.94527820399835449     
          19          20   1.0203249942487380     
          20          21  0.95899452832958376     
          20          22  0.95268866670159358     
          19          23  0.94600372531353094     
          19          24  0.95893404128555570     
          24          25  0.96980296158328283     
          24          26  0.96516006125122700     
          24          27   1.0164105946073159     
          27          28   1.4117065728986433     
          28          29  0.96878198580432429     
          28          30   1.4418194192198608     
          30          31  0.97133151096251236     
          27          32  0.10894580775320581     
          30          32   1.4415345626916953     
          32          33  0.97173285191766934     
          28          34  0.10968997444723894     
          32          34   1.4340030440283531     
          34          35  0.97130186114246853     
          27          36   1.4058428773563592     
          30          36  0.11148583545605659     
          34          36   1.4508031250068134     
          36          37  0.96950904327016874     
