   -0.38044783
    0.35899458
   -0.37557345
    0.36372898
   -0.03796357
    0.07451398
    0.08187302
   -0.17446192
    0.23300683
    0.26802374
   -0.45433407
   -0.02476611
    0.08126081
    0.07596386
   -0.17009941
    0.20581168
    0.26336300
   -0.45358962
    0.02867690
   -0.35781983
    0.15182600
    0.15398040
    0.05452882
   -0.07108550
    0.06188529
    0.03725191
    0.00613107
   -0.04016418
    0.03537617
   -0.03182251
    0.05751157
   -0.02996727
    0.03571084
   -0.03321573
    0.02790414
   -0.04343746
    0.02142489
