           1           2   1.7656815018750813     
           1           3  0.18090912017761063     
           2           3   1.1994950423011470     
           3           4  0.77286027521372858     
           2           5  0.92849144571225928     
           5           6  0.95167891740506050     
           5           7  0.97317427188921168     
           5           8  0.99059412110849610     
           8           9  0.87283663245755894     
           8          10   1.3342886390275681     
           8          11  0.20484931760927888     
          10          11   1.6060558912347032     
          10          12  0.94297626873090523     
          12          13  0.97173690451456696     
          12          14  0.95442689051968443     
          12          15  0.99296603777891024     
          15          16  0.91213086578380342     
          15          17   1.2950298005150780     
          15          18  0.19145863268933749     
          17          18   1.6262248303977052     
          17          19  0.94760203493510464     
          19          20   1.0218155946366423     
          20          21  0.96131779632792547     
          20          22  0.95180462140071720     
          19          23  0.94473416279546019     
          19          24  0.95579568644802415     
          24          25  0.96744219482003602     
          24          26  0.97292818814443194     
          24          27   1.0139450520936912     
          27          28   1.4092404786638442     
          28          29  0.96805551181398986     
          28          30   1.4487977778749279     
          30          31  0.96475255059286102     
          27          32  0.10879109845394122     
          30          32   1.4342889743322558     
          32          33  0.97113252073184886     
          28          34  0.11153787734981976     
          32          34   1.4432307894408225     
          34          35  0.97128100803688544     
          27          36   1.4100639438400202     
          30          36  0.11040039028605372     
          34          36   1.4388226769815629     
          36          37  0.96892159265925104     
