   -0.37340526
    0.35797695
   -0.37735572
    0.36547506
   -0.03491612
    0.07025666
    0.07218495
   -0.17083673
    0.18317135
    0.25973333
   -0.45558134
    0.02814954
    0.06452682
   -0.34198641
    0.15082323
    0.14154051
   -0.06588857
    0.06661630
    0.05223460
   -0.03729012
   -0.00952985
    0.03320964
   -0.10603119
    0.16017429
    0.04180162
   -0.05325801
    0.02554129
   -0.03575077
    0.03087340
   -0.04188489
    0.02929407
   -0.04326477
    0.03683881
   -0.02344267
