           1           2   1.2033902154601630     
           1           3  0.18378992502657607     
           2           3   1.7730257996238701     
           1           4  0.76779457804081219     
           2           5  0.92484749949848155     
           5           6  0.95365209773837201     
           5           7  0.97522379140990478     
           5           8  0.98823957904246451     
           8           9  0.92971944976975651     
           8          10   1.2823611928111971     
           8          11  0.18617377933834151     
          10          11   1.6174389876853561     
          10          12  0.94368306890175413     
          12          13  0.95454228687388198     
          12          14   1.0271817151393212     
          14          15  0.94960527527673233     
          14          16  0.96474394723977552     
          12          17  0.94982479395641339     
          17          18  0.96503010559033953     
          17          19  0.97237819571864414     
          17          20   1.0192169430988498     
          20          21   1.5796658331457056     
          21          22  0.96938343956541229     
          21          23   1.1970501230183535     
          23          24  0.94646705066478121     
          23          25   1.1757323372005641     
          25          26   1.3373697257226007     
          26          27  0.96842156912406718     
          26          28   1.4952584190263001     
          28          29  0.97187600949151853     
          28          30   1.3696797903035507     
          30          31  0.97160475613757524     
          26          32  0.11385129806351366     
          30          32   1.5063856509828981     
          32          33  0.96569048221356701     
          20          34   1.2035170406117304     
          25          34   1.2475234825196588     
          32          34   1.3263733697880207     
