   -0.45501111
   -0.48040437
   -0.46471848
   -0.42401189
   -0.44872579
   -0.45499003
   -0.08424867
   -0.18824175
   -0.19108206
   -0.16712230
   -0.18412784
   -0.10593873
    0.26820439
    0.02608021
   -0.05660391
   -0.06015091
   -0.01236355
    0.25930803
    0.03106320
   -0.11425057
    0.26338695
    0.01929453
   -0.11362680
    0.27896962
    0.03223638
   -0.11344603
    0.27408411
    0.02674568
   -0.11389167
    0.27342942
    0.02124319
   -0.06170814
   -0.06575100
   -0.00083746
    0.04288231
    0.04358089
    0.04661810
    0.04915170
    0.06583648
    0.04355870
    0.09669962
    0.23251960
    0.06196010
    0.07982728
    0.04875943
    0.04687872
    0.19446921
    0.06037462
    0.07634357
    0.04853892
    0.04964861
    0.21244733
    0.04833412
    0.05879000
    0.04769052
    0.06800065
    0.21805288
    0.06965984
    0.07008518
    0.04572994
    0.06238198
    0.07497535
    0.05204796
    0.05965474
    0.05226374
    0.05575693
    0.05917845
    0.04450988
