           2           7  0.19528689581273104     
           3           8  0.20298944253896153     
           4           9  0.19367902654406532     
           5          10  0.19773355535552400     
           6          11  0.19455956036703478     
           1          12  0.19338395486231391     
           1          13   1.6571996262648374     
          12          13   1.2590893806413144     
           7          14  0.96467726078595728     
          13          14  0.93517685515769611     
          14          15  0.98104575820577178     
          15          16   1.0048286513455531     
           7          17  0.97565979402630298     
          16          17   1.0037484402919734     
           2          18   1.6011200850831724     
           7          18   1.3077997581460101     
           8          19  0.97574231735683770     
          18          19  0.93149687595430208     
          19          20   1.0003260441224815     
           3          21   1.6280429756472345     
           8          21   1.3203629651363353     
           9          22  0.99167858705591028     
          21          22  0.92161359578407498     
          22          23  0.99680751731930961     
           4          24   1.6995094038622669     
           9          24   1.2391501011811563     
          10          25  0.97427267239259585     
          24          25  0.93199473305277858     
          25          26  0.99871798184662086     
           5          27   1.6169829357140764     
          10          27   1.3184517441900003     
          11          28  0.97113122487289216     
          27          28  0.92652785214666478     
          28          29   1.0088986257307935     
           6          30   1.6454909640775388     
          11          30   1.2924100048318388     
          12          31  0.97092021296021025     
          30          31  0.93263845534495593     
          31          32  0.98049973235223609     
          32          33   1.0056882687740134     
          12          34  0.98009109923230942     
          33          34   1.0027941565221923     
          14          35  0.95760913516617019     
          15          36  0.97815756423774358     
          15          37  0.97705690203271023     
          16          38  0.97638026881178386     
          16          39  0.97575734167352823     
          17          40  0.96585303406270329     
          17          41  0.94709795700640154     
           8          42  0.85835198751773079     
          19          43  0.95638254315100413     
          20          44  0.97686643513444926     
          20          45  0.98513113685835252     
          20          46  0.98401262210207796     
           9          47  0.92700481193367257     
          22          48  0.94369628913488601     
          23          49  0.97871847641135268     
          23          50  0.98472571991287716     
          23          51  0.98530105535050272     
          10          52  0.90749682048750524     
          25          53  0.95253850021094744     
          26          54  0.98096317395216115     
          26          55  0.98407442594878713     
          26          56  0.98324781135359274     
          11          57  0.89521669994285269     
          28          58  0.95253827213715536     
          29          59  0.97944745401254429     
          29          60  0.98570801561437160     
          29          61  0.98166326943149507     
          31          62  0.95311743858834186     
          32          63  0.97645182089809701     
          32          64  0.97536160045081344     
          33          65  0.97725824568160480     
          33          66  0.97774097733060106     
          34          67  0.96598561382450199     
          34          68  0.96925904523545581     
