           2           7  0.19488648457221144     
           3           8  0.20417792894673031     
           4           9  0.19351711450169262     
           5          10  0.19818644717571399     
           6          11  0.19191196926231505     
           1          12  0.19465398730353367     
           1          13   1.6500606136416596     
          12          13   1.2662044761043547     
           7          14  0.96495555823114976     
          13          14  0.93652274091768606     
          14          15  0.98243840864326182     
          15          16   1.0034914950198082     
           7          17  0.97609590271684965     
          16          17   1.0046198425105990     
           2          18   1.6082576681963774     
           7          18   1.3002779402416249     
           8          19  0.97534424140280307     
          18          19  0.93197347493710414     
          19          20   1.0021775881725519     
           3          21   1.6378736392312097     
           8          21   1.3155461937159443     
           9          22  0.99209751570625881     
          21          22  0.91883259700997977     
          22          23  0.99797622703087974     
           4          24   1.6981900493041260     
           9          24   1.2387795297829922     
          10          25  0.97500461397250771     
          24          25  0.93308075586854178     
          25          26  0.99793649542877483     
           5          27   1.6107968040232004     
          10          27   1.3260944014044849     
          11          28  0.97175502484405263     
          27          28  0.92650176560837993     
          28          29   1.0089184834797713     
           6          30   1.6473655831061955     
          11          30   1.2867375066115230     
          12          31  0.96439204274992762     
          30          31  0.93785216338762145     
          31          32  0.98073070941851292     
          32          33   1.0039662689429476     
          12          34  0.98066487299715022     
          33          34   1.0033423557066796     
          14          35  0.95553530278225485     
          15          36  0.97839080353034091     
          15          37  0.97489480897045688     
          16          38  0.97967603987412522     
          16          39  0.97680031680571111     
          17          40  0.96614167284019037     
          17          41  0.95771894549481151     
           8          42  0.85626180793310647     
          19          43  0.95299638639455708     
          20          44  0.98537456231064169     
          20          45  0.98397667510345266     
          20          46  0.97602946394777224     
           9          47  0.92731914381753833     
          22          48  0.94324044989238742     
          23          49  0.98561117349699434     
          23          50  0.97861619027935920     
          23          51  0.98465418830317453     
          10          52  0.90023329661488205     
          25          53  0.95144077776957092     
          26          54  0.98437354210516559     
          26          55  0.98338012640088268     
          26          56  0.98107361119113445     
          11          57  0.89834360495160726     
          28          58  0.95302342384063876     
          29          59  0.98571252163246192     
          29          60  0.98175611220839432     
          29          61  0.97975780689616554     
          31          62  0.95522726810594694     
          32          63  0.97708959640205473     
          32          64  0.97603365933614761     
          33          65  0.97910391052830370     
          33          66  0.97679393045880802     
          34          67  0.96641101558442366     
          34          68  0.96993484398748053     
