   -0.38135928
    0.35874229
   -0.37937546
    0.36554818
   -0.03883352
    0.07683867
    0.07433444
   -0.16615379
    0.20233174
    0.26426909
   -0.45727353
    0.02679070
    0.06431744
   -0.35581340
    0.14725565
    0.15201279
   -0.05684540
    0.03012216
    0.04210040
   -0.02960945
    0.00106655
    0.03738371
   -0.09604734
    0.16168259
    0.04659986
   -0.05158996
    0.02391670
   -0.03680065
    0.02702232
   -0.04206319
    0.02421710
   -0.03735927
    0.01937857
   -0.01680672
