           1           2   1.2002756905321339     
           1           3  0.18262359563282160     
           2           3   1.7727787557451498     
           1           4  0.76107426149935631     
           2           5  0.92697303943894038     
           5           6  0.97455196892772056     
           5           7  0.95192376332647399     
           5           8  0.98990076663005999     
           8           9  0.91716124582210690     
           8          10   1.2995303179580533     
           8          11  0.18931506704866935     
          10          11   1.6021768487773709     
          10          12  0.95743324580632194     
          12          13  0.95215402858850406     
          12          14   1.0171999456764445     
          14          15  0.96145298920467703     
          14          16  0.96277111195968723     
          12          17  0.94652007097295476     
          17          18  0.97491471711445810     
          17          19  0.96729014504811917     
          17          20   1.0198213105223592     
          20          21   1.5748174973966460     
          21          22  0.96907738914378083     
          21          23   1.2047403310851574     
          23          24  0.94613488661798339     
          23          25   1.1782250617528736     
          25          26   1.3399074355459804     
          26          27  0.96854995724075421     
          26          28   1.4924626397292668     
          28          29  0.97216960209975301     
          28          30   1.3719636707056264     
          30          31  0.97198491996252001     
          26          32  0.11263595476009328     
          30          32   1.5031746578327432     
          32          33  0.96917166583792402     
          20          34   1.2046736929837734     
          25          34   1.2448401885889457     
          32          34   1.3325679063629512     
