   -0.37843530
    0.35885180
   -0.37785289
    0.36320636
   -0.03844257
    0.07574835
    0.08221889
   -0.17352053
    0.23340903
    0.26845970
   -0.45562296
   -0.02478662
    0.08026867
    0.07530023
   -0.16850405
    0.20127575
    0.26563811
   -0.45010457
    0.02800284
   -0.35522404
    0.15152007
    0.14674191
    0.05890132
   -0.06384643
    0.04175732
    0.03364647
    0.01272905
   -0.03299017
    0.02570963
   -0.02760292
    0.03082561
   -0.03005212
    0.03215306
   -0.03152558
    0.05271643
   -0.03359122
    0.02302137
