           1           2   1.7701327229033004     
           1           3  0.18052685867601120     
           2           3   1.1955031437686343     
           3           4  0.77367137143035802     
           2           5  0.92858168191495993     
           5           6  0.95083582286690194     
           5           7  0.97246438918754330     
           5           8  0.99099658957408476     
           8           9  0.87250842082857127     
           8          10   1.3369627484582780     
           8          11  0.20539190228513826     
          10          11   1.6032062463755932     
          10          12  0.94354053636472202     
          12          13  0.97250786621040652     
          12          14  0.95496139842548211     
          12          15  0.99163575580228558     
          15          16  0.92091431700099480     
          15          17   1.2838233942662485     
          15          18  0.19060952493854966     
          17          18   1.6342575827852903     
          17          19  0.94907106441780675     
          19          20   1.0173790828811915     
          20          21  0.96329266428408644     
          20          22  0.96064310424103594     
          19          23  0.95649595611585492     
          19          24  0.95110538010528645     
          24          25  0.96787694765023646     
          24          26  0.97362731286804916     
          24          27   1.0097689238659742     
          27          28   1.4099323425777466     
          28          29  0.96978304740296684     
          28          30   1.4485389558814123     
          30          31  0.97121727210018438     
          27          32  0.10941910851778591     
          30          32   1.4358986630105948     
          32          33  0.97136469109239010     
          28          34  0.11194255174785450     
          32          34   1.4411251337376725     
          34          35  0.96658835650295649     
          27          36   1.4156391736197611     
          30          36  0.11043403002785113     
          34          36   1.4417571877506925     
          36          37  0.96842716753601521     
