   -0.37648038
    0.35767275
   -0.38841033
    0.36661646
   -0.03621365
    0.07382230
    0.07796375
   -0.17420292
    0.18748505
    0.26049251
   -0.45691832
    0.02703659
    0.06394928
   -0.34155952
    0.13989210
    0.15079549
   -0.06713306
    0.06671051
    0.04977598
   -0.04442762
   -0.00894546
    0.03961395
   -0.09907813
    0.17764803
    0.04323032
   -0.05127042
    0.03038242
   -0.03731760
    0.02897572
   -0.04387342
    0.02586980
   -0.04676722
    0.03179517
   -0.02713014
