           1           2   1.2001443538767189     
           1           3  0.18038692224490102     
           2           3   1.7633180739743310     
           1           4  0.76957266821453829     
           2           5  0.92883587467393003     
           5           6  0.97423630324297394     
           5           7  0.95708602435912882     
           5           8  0.98805633688728578     
           8           9  0.92447058394267168     
           8          10   1.2763920254665946     
           8          11  0.18376928719964244     
          10          11   1.6196642872174398     
          10          12  0.94557688048268262     
          12          13  0.95648618144891617     
          12          14   1.0253532631648035     
          14          15  0.96542743865763336     
          14          16  0.94959107156269373     
          12          17  0.94760601132468070     
          17          18  0.96470781553702323     
          17          19  0.97362877351895460     
          17          20   1.0197166371845983     
          20          21   1.5687073590366620     
          21          22  0.96848296102071130     
          21          23   1.2115760953895438     
          23          24  0.93911609856487610     
          23          25   1.1851690790231186     
          25          26   1.3351502347458495     
          26          27  0.96815079687066619     
          26          28   1.4977656785440969     
          28          29  0.97196704462625916     
          28          30   1.3673391524779959     
          30          31  0.97181189792436673     
          26          32  0.11322547907457423     
          30          32   1.5067586815561342     
          32          33  0.96489269202098371     
          20          34   1.2052095700532885     
          25          34   1.2416913088887236     
          32          34   1.3243902599809982     
