   -0.45829663
   -0.48618549
   -0.44616870
   -0.42290048
   -0.44569357
   -0.46421473
   -0.08380627
   -0.19254381
   -0.18202995
   -0.17981044
   -0.18260324
   -0.10339035
    0.26838058
    0.02770426
   -0.05983983
   -0.06044592
   -0.01194988
    0.26007540
    0.03336688
   -0.11419815
    0.27087995
    0.01789334
   -0.11244390
    0.28291451
    0.02995922
   -0.11438892
    0.27047778
    0.02634561
   -0.11474513
    0.27135275
    0.02172495
   -0.06147951
   -0.06500853
   -0.00076356
    0.04070874
    0.04207424
    0.06723264
    0.04320556
    0.05511740
    0.04688372
    0.09843315
    0.22761624
    0.05957408
    0.05560981
    0.04601642
    0.07278215
    0.18938857
    0.07057801
    0.07010554
    0.05317785
    0.04243456
    0.21453066
    0.04620643
    0.04734780
    0.05366450
    0.07159532
    0.22515339
    0.06148153
    0.07394358
    0.04508882
    0.06053711
    0.07615024
    0.05165691
    0.06264132
    0.05232181
    0.05438290
    0.05965548
    0.04453528
