           2           7  0.18928128030042829     
           3           8  0.19577210568308134     
           4           9  0.19597795450190705     
           5          10  0.19965956840311855     
           6          11  0.19577020019722630     
           1          12  0.19358462376491528     
           1          13   1.6537733483155419     
          12          13   1.2619970192257535     
           7          14  0.96262902189817268     
          13          14  0.93638579527302146     
          14          15  0.98176152276019379     
          15          16   1.0034559423946920     
           7          17  0.97277631756986094     
          16          17   1.0052468764430968     
           2          18   1.5853416482551479     
           7          18   1.3119360366476871     
           8          19  0.97147479178798124     
          18          19  0.93040541444291969     
          19          20   1.0054516261723419     
           3          21   1.6611967421934775     
           8          21   1.2851364439691255     
           9          22  0.98784214590883213     
          21          22  0.92715241468028586     
          22          23  0.99683305913324183     
           4          24   1.6968075878442532     
           9          24   1.2460147434048428     
          10          25  0.97085819376468674     
          24          25  0.93210109189340029     
          25          26  0.99736936298985679     
           5          27   1.6229139715455339     
          10          27   1.3171528495373013     
          11          28  0.97320093949892650     
          27          28  0.91894676027632405     
          28          29   1.0088891558529127     
           6          30   1.6276471910327190     
          11          30   1.3092647430048843     
          12          31  0.97207290489418197     
          30          31  0.93385078803322663     
          31          32  0.98004362111397036     
          32          33   1.0057742350933521     
          12          34  0.97965127177488553     
          33          34   1.0029174824917615     
          14          35  0.95693266005898614     
          15          36  0.97849059432264640     
          15          37  0.97391790318654392     
          16          38  0.97947040426653076     
          16          39  0.97639657641871402     
          17          40  0.96995214811708419     
          17          41  0.94800633113176747     
           8          42  0.87284277655376286     
          19          43  0.95802572067209324     
          20          44  0.98371140001549584     
          20          45  0.98422788779860659     
          20          46  0.97793579477176684     
           9          47  0.93034279934208475     
          22          48  0.94000206022641497     
          23          49  0.98040591366830210     
          23          50  0.98539923959476372     
          23          51  0.98598180328273366     
          10          52  0.89927698374115328     
          25          53  0.95090904702653423     
          26          54  0.98400001971390516     
          26          55  0.98349313319702525     
          26          56  0.98229068048352763     
          11          57  0.88359476268744486     
          28          58  0.95451678588352373     
          29          59  0.97595107561364058     
          29          60  0.98564622868686713     
          29          61  0.98193521153731000     
          31          62  0.95059117657594372     
          32          63  0.97646853039939385     
          32          64  0.97485125565555186     
          33          65  0.97743297641249638     
          33          66  0.97830055146527095     
          34          67  0.96728531810446294     
          34          68  0.96913199454618493     
