   -0.37364378
    0.35718620
   -0.37575515
    0.36221161
   -0.03944591
    0.08204668
    0.07623947
   -0.17308633
    0.22998394
    0.26740744
   -0.45369965
   -0.02530747
    0.07816381
    0.08052686
   -0.16868730
    0.20505511
    0.26386461
   -0.45574629
    0.02863430
   -0.35620531
    0.15253909
    0.15164359
    0.05735909
   -0.07100076
    0.06403657
    0.03917289
    0.00969623
   -0.03961741
    0.04399800
   -0.02998242
    0.03206443
   -0.03251440
    0.03117692
   -0.03246024
    0.02998721
   -0.04160060
    0.02575898
