           1           2   1.7787075780439663     
           1           3  0.18110449840517753     
           2           3   1.1911995657746097     
           3           4  0.78045806808832952     
           2           5  0.92653983637860249     
           5           6  0.97313823262818389     
           5           7  0.95308903800493006     
           5           8  0.99054495980285950     
           8           9  0.87967344500253886     
           8          10   1.3296669740872114     
           8          11  0.20496487854083131     
          10          11   1.6101366321767039     
          10          12  0.94140033153138036     
          12          13  0.95646075565901689     
          12          14  0.97130138873045024     
          12          15  0.99265509933471174     
          15          16  0.91386285923477284     
          15          17   1.2943279101022225     
          15          18  0.19113527986055717     
          17          18   1.6260449754918589     
          17          19  0.94762798048186825     
          19          20   1.0235071084848026     
          20          21  0.96146045457639207     
          20          22  0.95338918751561930     
          19          23  0.94584857427552649     
          19          24  0.95244566137879871     
          24          25  0.96685713198761913     
          24          26  0.97290403486135268     
          24          27   1.0155900170644179     
          27          28   1.4064362647494302     
          28          29  0.96772109230700143     
          28          30   1.4506242613478135     
          30          31  0.97103844450641696     
          27          32  0.10889805174812653     
          30          32   1.4339381532012618     
          32          33  0.97144122555277201     
          28          34  0.11226391562164666     
          32          34   1.4430285327739998     
          34          35  0.97125239037680922     
          27          36   1.4115065255512191     
          30          36  0.10939402768633705     
          34          36   1.4387475092758391     
          36          37  0.96880670171643635     
