   -0.37228154
    0.35788037
   -0.37377182
    0.36240237
   -0.03755940
    0.07325700
    0.08039313
   -0.17112793
    0.22852348
    0.26706156
   -0.45192203
   -0.02526188
    0.08332761
    0.08049646
   -0.17358306
    0.18271693
    0.27064960
   -0.44062739
    0.03283665
   -0.33820165
    0.14751055
    0.16587201
    0.03678865
   -0.07186606
    0.04614715
    0.04495648
    0.00175098
   -0.04559068
    0.02802396
   -0.03100747
    0.03463831
   -0.02880601
    0.04030932
   -0.02574724
    0.03435082
   -0.04123581
    0.02869657
