           1           2   1.7785226058961843     
           1           3  0.18189085545518205     
           2           3   1.1949525255497417     
           3           4  0.77794433567019827     
           2           5  0.92508507229965120     
           5           6  0.94937344028031545     
           5           7  0.97387497799509493     
           5           8  0.98987239266903659     
           8           9  0.88581326934169091     
           8          10   1.3287763975886675     
           8          11  0.20481603675432414     
          10          11   1.6102870395558944     
          10          12  0.94295262182972017     
          12          13  0.95548371112864683     
          12          14  0.97144799297114426     
          12          15  0.98979264839414971     
          15          16  0.93265949896820255     
          15          17   1.2699735649962298     
          15          18  0.18882697464309597     
          17          18   1.6492726854454094     
          17          19  0.95022904186659018     
          19          20   1.0334141274703312     
          20          21  0.96161005064479310     
          20          22  0.95226269781298534     
          19          23  0.95749614443368403     
          19          24  0.93647937092331890     
          24          25  0.96497629026964860     
          24          26  0.97533583902724330     
          24          27   1.0154639822395832     
          27          28   1.4026946445801440     
          28          29  0.96914980172795862     
          28          30   1.4480311420745053     
          30          31  0.97088410588931706     
          27          32  0.10940856879925616     
          30          32   1.4355646867653666     
          32          33  0.97088715893801569     
          28          34  0.11076741174482199     
          32          34   1.4396983146962827     
          34          35  0.96877444043663519     
          27          36   1.4125689983259322     
          30          36  0.10968908053489948     
          34          36   1.4434760163988596     
          36          37  0.96829013080694981     
