   -0.37166549
    0.35661115
   -0.37297511
    0.36286217
   -0.04171684
    0.08112127
    0.08257725
   -0.16442248
    0.19447901
    0.26699498
   -0.44881757
   -0.02619268
    0.07480717
    0.10199428
   -0.18933232
    0.17270721
    0.25780945
   -0.43457450
    0.02825757
   -0.34197301
    0.14705757
    0.13965861
    0.06177522
   -0.07071585
    0.06107966
    0.06185557
    0.00760451
   -0.04669503
    0.04139532
   -0.03878760
    0.02677877
   -0.03325185
    0.04825108
   -0.02919819
    0.04043359
   -0.04254363
    0.03675073
