           1           2   1.7787634989803305     
           1           3  0.18171766216966867     
           2           3   1.1924374518711349     
           3           4  0.78328302292895180     
           2           5  0.92684740711999802     
           5           6  0.95325277485459492     
           5           7  0.96935134280618496     
           5           8  0.98836859776241803     
           8           9  0.91770966710746293     
           8          10   1.3019341805483808     
           8          11  0.19755650651858508     
          10          11   1.6188730688255391     
          10          12  0.95662545053364711     
          12          13  0.96277471048541785     
          12          14  0.94278892559575134     
          12          15  0.99622221290294599     
          15          16  0.93109240164220508     
          15          17   1.2315417305409411     
          15          18  0.19116783371989551     
          17          18   1.6926684855122600     
          17          19  0.93392957477112304     
          19          20   1.0289132901957354     
          20          21  0.95484165372086804     
          20          22  0.96302211719842135     
          19          23  0.94729775782047176     
          19          24  0.95644517090826564     
          24          25  0.97078276874631886     
          24          26  0.96742464952002161     
          24          27   1.0139607237513906     
          27          28   1.4066160427514893     
          28          29  0.96785227729764389     
          28          30   1.4380639454503887     
          30          31  0.96930305539632156     
          27          32  0.11027376451059388     
          30          32   1.4331058998489985     
          32          33  0.96921788467570769     
          28          34  0.11073036951526401     
          32          34   1.4393071546314862     
          34          35  0.97048817565700496     
          27          36   1.4129576777356738     
          30          36  0.10884601989208557     
          34          36   1.4433554357996350     
          36          37  0.96664678132546566     
