           2           7  0.19462580883968447     
           3           8  0.20255025946974570     
           4           9  0.19370262630639712     
           5          10  0.19755073855439062     
           6          11  0.19360550711982294     
           1          12  0.19212263876348679     
           1          13   1.6538084483511915     
          12          13   1.2610455060520740     
           7          14  0.96247455018220707     
          13          14  0.93683785419165089     
          14          15  0.98277171486809189     
          15          16   1.0037369677069061     
           7          17  0.97371330415731638     
          16          17   1.0045409922370792     
           2          18   1.5983801581550425     
           7          18   1.3080380904719524     
           8          19  0.97445874762886953     
          18          19  0.93150200155754503     
          19          20   1.0020741849117822     
           3          21   1.6359063794626143     
           8          21   1.3149257332524391     
           9          22  0.99221601513325153     
          21          22  0.92030788729781376     
          22          23  0.99694382554780059     
           4          24   1.6982497419688372     
           9          24   1.2394417193233380     
          10          25  0.97419265888790652     
          24          25  0.93268250584053336     
          25          26  0.99833326068048311     
           5          27   1.6168383265490585     
          10          27   1.3185371749027537     
          11          28  0.97033814253680317     
          27          28  0.92639578287306557     
          28          29   1.0090729368097815     
           6          30   1.6469180283691205     
          11          30   1.2911211417795394     
          12          31  0.97048499438552949     
          30          31  0.93276948598059140     
          31          32  0.98017746988237253     
          32          33   1.0056762060090065     
          12          34  0.97967441014203926     
          33          34   1.0028034512667543     
          14          35  0.95647714598610234     
          15          36  0.97833269973925641     
          15          37  0.97349528740423708     
          16          38  0.97987280430663382     
          16          39  0.97677155596883813     
          17          40  0.96775073397919043     
          17          41  0.95247983851408335     
           8          42  0.85962488395422598     
          19          43  0.95524674764513029     
          20          44  0.97604009724533691     
          20          45  0.98511020723269527     
          20          46  0.98413803613803574     
           9          47  0.92725469275054562     
          22          48  0.94298678595441399     
          23          49  0.98549291491787105     
          23          50  0.97868253781356052     
          23          51  0.98470914682517896     
          10          52  0.90775038844502320     
          25          53  0.95144570465025724     
          26          54  0.98415154135081884     
          26          55  0.98339569708701036     
          26          56  0.98095416099948485     
          11          57  0.89268030432978873     
          28          58  0.95344350845505643     
          29          59  0.98557731546301919     
          29          60  0.98189049180120869     
          29          61  0.97981599396611363     
          31          62  0.95396968888238887     
          32          63  0.97653791824823011     
          32          64  0.97548986260034498     
          33          65  0.97714700149326039     
          33          66  0.97729985154678300     
          34          67  0.96712793837843603     
          34          68  0.96855382575780624     
