   -0.36982906
    0.35720041
   -0.37123265
    0.36322956
   -0.04231597
    0.08089643
    0.08463441
   -0.16352948
    0.18622048
    0.26915156
   -0.44346228
   -0.02185663
    0.07297969
    0.08690722
   -0.17292645
    0.21288239
    0.26868567
   -0.44113294
    0.03343358
   -0.34773571
    0.14184387
    0.14899397
    0.02798277
   -0.06475746
    0.05355778
    0.04522572
    0.01225115
   -0.04016243
    0.03444041
   -0.03476480
    0.02324855
   -0.03161460
    0.02425617
   -0.02444673
    0.03591289
   -0.03293249
    0.03876498
