           1           2   1.7800806290125000     
           1           3  0.18276989488464318     
           2           3   1.1950643565888683     
           3           4  0.78100907206229708     
           2           5  0.92533330284640292     
           5           6  0.97379392694199673     
           5           7  0.94843840175850014     
           5           8  0.98444121414942609     
           8           9  0.93874524850367436     
           8          10   1.2905103319298150     
           8          11  0.19191205385222979     
          10          11   1.6252741092659484     
          10          12  0.96100089761703078     
          12          13  0.94093278696280302     
          12          14  0.95526980072695467     
          12          15   1.0095810384998216     
          15          16  0.90887398243235029     
          15          17   1.2573112685882686     
          15          18  0.19472329731291027     
          17          18   1.6826161341873269     
          17          19  0.94343603227712114     
          19          20   1.0179723862967098     
          20          21  0.96496760932838399     
          20          22  0.96002425458050133     
          19          23  0.95308361375138095     
          19          24  0.95708941310936224     
          24          25  0.97246740909889029     
          24          26  0.96701712300619369     
          24          27   1.0118279580209255     
          27          28   1.4115460581720776     
          28          29  0.96886844304714992     
          28          30   1.4451702760522254     
          30          31  0.97128388675785859     
          27          32  0.10954501237119670     
          30          32   1.4374082409618212     
          32          33  0.96926842436727789     
          28          34  0.11132524399569939     
          32          34   1.4377000379464300     
          34          35  0.97090827969281301     
          27          36   1.4137089797076754     
          30          36  0.11024354973721799     
          34          36   1.4447765062782945     
          36          37  0.96857584553811282     
