   -0.37306110
    0.35815613
   -0.37364680
    0.36261877
   -0.03806842
    0.08063163
    0.07129588
   -0.17297575
    0.22929401
    0.26727456
   -0.45216202
   -0.02641795
    0.08207758
    0.08043311
   -0.17043308
    0.20189952
    0.26324769
   -0.44224553
    0.02692984
   -0.35373569
    0.15209861
    0.14595222
    0.05490180
   -0.06500120
    0.03702264
    0.04361387
    0.01249114
   -0.04128503
    0.02245577
   -0.03113239
    0.02902149
   -0.03198710
    0.03070999
   -0.02833941
    0.03411442
   -0.02976912
    0.04401992
