           1           2   1.7779663534904560     
           1           3  0.18197998554739186     
           2           3   1.1957748942451984     
           3           4  0.77718963878790004     
           2           5  0.92482200952305782     
           5           6  0.97375733983775858     
           5           7  0.95267952099688036     
           5           8  0.99060727984835051     
           8           9  0.88287819109407406     
           8          10   1.3286308942649869     
           8          11  0.20483361316207738     
          10          11   1.6101758895845399     
          10          12  0.94304417425931331     
          12          13  0.97086215284176369     
          12          14  0.95403320181246820     
          12          15  0.99347532866792476     
          15          16  0.92015646157664932     
          15          17   1.2830313718370201     
          15          18  0.19463185590342444     
          17          18   1.6471560862335892     
          17          19  0.94421568402126976     
          19          20   1.0132994007346849     
          20          21  0.96156276289058662     
          20          22  0.96478102439133229     
          19          23  0.94452548886928378     
          19          24  0.96769146975299691     
          24          25  0.96743246896528379     
          24          26  0.97501118259862551     
          24          27   1.0087876065114472     
          27          28   1.4096428393330791     
          28          29  0.96932191760673492     
          28          30   1.4485024528191850     
          30          31  0.97132294362660632     
          27          32  0.10968392987613171     
          30          32   1.4354186208040804     
          32          33  0.97147890847077500     
          28          34  0.11146030129468895     
          32          34   1.4417115886194227     
          34          35  0.97098759325656503     
          27          36   1.4176464993657252     
          30          36  0.11082008523258371     
          34          36   1.4414433599217598     
          36          37  0.96779302062110506     
