   -0.37336147
    0.35732590
   -0.37497415
    0.36369061
   -0.03605505
    0.07388130
    0.07419772
   -0.17215768
    0.17914551
    0.26060781
   -0.45179973
    0.03393327
    0.03823779
   -0.33449737
    0.16528772
    0.14603520
   -0.06598203
    0.06900342
    0.03050517
   -0.03241586
   -0.00993102
    0.02127015
   -0.10388819
    0.15850745
    0.04549111
   -0.05238278
    0.02379122
   -0.03502964
    0.02921902
   -0.04081645
    0.02850212
   -0.03874841
    0.03978671
   -0.01637935
