           1           2   1.1988722637553280     
           1           3  0.18303569062765457     
           2           3   1.7757537148987457     
           1           4  0.77346202252981799     
           2           5  0.92485238093724365     
           5           6  0.97464993747158379     
           5           7  0.95419252615198180     
           5           8  0.98685292774752120     
           8           9  0.94045161343444494     
           8          10   1.2762466056000370     
           8          11  0.18534504504853935     
          10          11   1.6254134663434756     
          10          12  0.93939761797572741     
          12          13  0.95221255649212611     
          12          14   1.0369568074129059     
          14          15  0.95067588632152200     
          14          16  0.96195553547597301     
          12          17  0.95360189482366498     
          17          18  0.96632149824894631     
          17          19  0.97306556621058204     
          17          20   1.0168547804313091     
          20          21   1.5806769950949486     
          21          22  0.96967740096559729     
          21          23   1.1955744879280470     
          23          24  0.94717109332169347     
          23          25   1.1752585218166562     
          25          26   1.3363127280301281     
          26          27  0.96850550468528762     
          26          28   1.4958625773706764     
          28          29  0.97197508415853962     
          28          30   1.3697376567077792     
          30          31  0.97165898578941368     
          26          32  0.11445308774306927     
          30          32   1.5072219846350396     
          32          33  0.96678895034614898     
          20          34   1.2034496960453906     
          25          34   1.2505452859163100     
          32          34   1.3272313516565448     
