   -0.37337296
    0.35827321
   -0.37475822
    0.36218444
   -0.03838644
    0.08047058
    0.07439669
   -0.17209440
    0.23127224
    0.26847024
   -0.45491921
   -0.02549134
    0.08159411
    0.07483120
   -0.16389385
    0.20218731
    0.26665153
   -0.44804201
    0.03289742
   -0.35298888
    0.14426469
    0.15117353
    0.03402265
   -0.07033063
    0.04865426
    0.05089587
    0.00758103
   -0.04061855
    0.02813383
   -0.03148252
    0.03219397
   -0.03342888
    0.03600660
   -0.02760836
    0.03782368
   -0.03185031
    0.03528749
