           1           2   1.7778039415584870     
           1           3  0.18135174922917374     
           2           3   1.1930900398446358     
           3           4  0.77865175823345600     
           2           5  0.92695697495481022     
           5           6  0.97305544432637248     
           5           7  0.94869822480074362     
           5           8  0.99001008276383529     
           8           9  0.87659213168891026     
           8          10   1.3366492389649873     
           8          11  0.20601608635141100     
          10          11   1.6047607346819015     
          10          12  0.94282890362808169     
          12          13  0.97229302652404415     
          12          14  0.95334124385036922     
          12          15  0.99285360701712555     
          15          16  0.92551818254441254     
          15          17   1.2885141580296777     
          15          18  0.19497236951497351     
          17          18   1.6407313880806331     
          17          19  0.94504700399740815     
          19          20   1.0117257747670865     
          20          21  0.96465041632051496     
          20          22  0.96109457352759564     
          19          23  0.95854622814225021     
          19          24  0.96211083116961971     
          24          25  0.96561368845119644     
          24          26  0.97258916809865403     
          24          27   1.0083932009242182     
          27          28   1.4160109801778882     
          28          29  0.96885907377585312     
          28          30   1.4414630144665093     
          30          31  0.96968463466739618     
          27          32  0.10982949424717217     
          30          32   1.4397988805939215     
          32          33  0.97105552012366769     
          28          34  0.11026420462210347     
          32          34   1.4365650051823016     
          34          35  0.97074660839797389     
          27          36   1.4110616803405698     
          30          36  0.11204709673991808     
          34          36   1.4480743481678580     
          36          37  0.96930416351486692     
