   -0.37574824
    0.35791001
   -0.37813901
    0.36473406
   -0.03951439
    0.07536166
    0.07807465
   -0.16349187
    0.20682234
    0.26139597
   -0.46159673
    0.03280598
    0.03385003
   -0.35647604
    0.14172195
    0.16321772
   -0.06145428
    0.05133587
    0.05084132
   -0.03204369
   -0.00729139
    0.03535991
   -0.10238679
    0.16001144
    0.04353839
   -0.05244826
    0.02474831
   -0.03583790
    0.02969729
   -0.04160882
    0.02797739
   -0.04049523
    0.03041941
   -0.02129104
