           1           2   1.2007605364205427     
           1           3  0.18280545282678723     
           2           3   1.7729629991160878     
           1           4  0.76882558628904429     
           2           5  0.92483070175554927     
           5           6  0.95231322941814200     
           5           7  0.97383353652862459     
           5           8  0.99155170952860061     
           8           9  0.91248974485668111     
           8          10   1.3096955930594896     
           8          11  0.19289979925852890     
          10          11   1.6017850235288018     
          10          12  0.95150030895258764     
          12          13  0.95428558920621875     
          12          14   1.0166434914314202     
          14          15  0.96614233065578570     
          14          16  0.94916939220392582     
          12          17  0.95382339940965166     
          17          18  0.96991843725871596     
          17          19  0.97170637276682115     
          17          20   1.0157298436581395     
          20          21   1.5784031872319702     
          21          22  0.96958365402360980     
          21          23   1.1995271859341150     
          23          24  0.94662428701720869     
          23          25   1.1770595049852086     
          25          26   1.3375290884246451     
          26          27  0.96847587451714123     
          26          28   1.4950511472327803     
          28          29  0.97197126868118144     
          28          30   1.3697846903432920     
          30          31  0.97170795452782932     
          26          32  0.11363691012847636     
          30          32   1.5063810733641156     
          32          33  0.96745368372872054     
          20          34   1.2030807842524396     
          25          34   1.2466461221718885     
          32          34   1.3270463441504519     
