           1           2   1.7764683963178554     
           1           3  0.18098415284074615     
           2           3   1.1934289914449343     
           3           4  0.77155562360352825     
           2           5  0.92617501065937091     
           5           6  0.97362025516892325     
           5           7  0.95367969985894385     
           5           8  0.98928933750532999     
           8           9  0.88175906659739611     
           8          10   1.3290240545678729     
           8          11  0.20407540943228022     
          10          11   1.6093588581836085     
          10          12  0.94350753513388363     
          12          13  0.95611321780760872     
          12          14  0.97158569108815740     
          12          15  0.98963202504716252     
          15          16  0.92845532577577583     
          15          17   1.2663423720667304     
          15          18  0.18546657856237786     
          17          18   1.6407080474814442     
          17          19  0.93955034877218235     
          19          20   1.0310640791700645     
          20          21  0.95639609776396961     
          20          22  0.96304779214235370     
          19          23  0.95730361590170432     
          19          24  0.95231471379154609     
          24          25  0.96119310594634810     
          24          26  0.97364965714277196     
          24          27   1.0137781747373726     
          27          28   1.4009488571417172     
          28          29  0.96906170566686400     
          28          30   1.4477390578298857     
          30          31  0.97100884529574516     
          27          32  0.10940469689905113     
          30          32   1.4351195985362379     
          32          33  0.97103357215953379     
          28          34  0.11155879043082095     
          32          34   1.4411643862266608     
          34          35  0.96634342263032103     
          27          36   1.4144045978696982     
          30          36  0.11002980484851238     
          34          36   1.4417764341602044     
          36          37  0.96774601480070599     
