   -0.37691751
    0.35760564
   -0.38574086
    0.36574057
   -0.03808598
    0.08152073
    0.07738486
   -0.17153459
    0.18996900
    0.27282665
   -0.45238196
    0.03190569
    0.04039740
   -0.33981419
    0.14713100
    0.16359247
   -0.06503922
    0.04242477
    0.04394897
   -0.04714638
   -0.00665613
    0.04011057
   -0.09831866
    0.17693914
    0.04522316
   -0.05015768
    0.03204292
   -0.03730155
    0.02981352
   -0.04378779
    0.02616289
   -0.04491260
    0.02208917
   -0.02903402
