           1           2   1.1969040342621071     
           1           3  0.18014538146023781     
           2           3   1.7664828740756942     
           1           4  0.77276416312266749     
           2           5  0.92993348183174329     
           5           6  0.95568332912196019     
           5           7  0.97397142577761975     
           5           8  0.98673244367077706     
           8           9  0.92659653384317764     
           8          10   1.2861234361340201     
           8          11  0.18547830365914009     
          10          11   1.6156634288103242     
          10          12  0.95764853443223352     
          12          13  0.95743877941070732     
          12          14   1.0310185768777878     
          14          15  0.96198462109505312     
          14          16  0.95373527557200821     
          12          17  0.93268672005577491     
          17          18  0.97533851397265736     
          17          19  0.96621738212419195     
          17          20   1.0191005135658029     
          20          21   1.5722121043353030     
          21          22  0.96875657482785849     
          21          23   1.2083551024425447     
          23          24  0.93977714941831469     
          23          25   1.1855896032850703     
          25          26   1.3359009190462192     
          26          27  0.96809164386892210     
          26          28   1.4971684022321796     
          28          29  0.97194036416470442     
          28          30   1.3684303454513163     
          30          31  0.97183343231440600     
          26          32  0.11311247568926562     
          30          32   1.5056178624635119     
          32          33  0.96840590672048688     
          20          34   1.2016044241580395     
          25          34   1.2424823991581346     
          32          34   1.3262340888925852     
