   -0.45982759
   -0.47951257
   -0.45993995
   -0.42340460
   -0.45117280
   -0.44735047
   -0.08752576
   -0.19756314
   -0.19162010
   -0.15925682
   -0.18561026
   -0.10046311
    0.26541624
    0.02649281
   -0.06092723
   -0.06181360
    0.00083030
    0.25665915
    0.03176375
   -0.11415528
    0.26221397
    0.01930110
   -0.11417560
    0.27732048
    0.03359653
   -0.11376624
    0.27278142
    0.02578907
   -0.11293880
    0.27512222
    0.01975907
   -0.06224164
   -0.06574473
   -0.00288843
    0.04371853
    0.04394074
    0.06404248
    0.04716728
    0.05459651
    0.07629751
    0.05515837
    0.23078335
    0.06357619
    0.05063444
    0.07796163
    0.04802793
    0.19591789
    0.05502950
    0.04925879
    0.07687675
    0.04987272
    0.20945986
    0.04536245
    0.04697278
    0.06739223
    0.06375422
    0.21241227
    0.07587846
    0.04710066
    0.06402357
    0.06484534
    0.07330460
    0.05233386
    0.05808124
    0.05229350
    0.05694516
    0.06793517
    0.04389662
