           2           7  0.19488302280714773     
           3           8  0.20403823333096957     
           4           9  0.19441468814486157     
           5          10  0.19723422270821081     
           6          11  0.19705925609014630     
           1          12  0.19569321962719166     
           1          13   1.6468052987636377     
          12          13   1.2715995882129860     
           7          14  0.96016783099096215     
          13          14  0.93701203891454976     
          14          15  0.98337351519346106     
          15          16   1.0032953734954471     
           7          17  0.97958959074640239     
          16          17   1.0057604401218365     
           2          18   1.6052215968071326     
           7          18   1.3017786065988555     
           8          19  0.97699596348694229     
          18          19  0.93300061741548168     
          19          20   1.0024144301686575     
           3          21   1.6468686444504508     
           8          21   1.3083169133857959     
           9          22  0.99041798019820548     
          21          22  0.91793737251259799     
          22          23  0.99989395966106898     
           4          24   1.7000647346388940     
           9          24   1.2399310066303624     
          10          25  0.97466540898530396     
          24          25  0.93102322258210080     
          25          26  0.99858279084585888     
           5          27   1.6121866485887331     
          10          27   1.3209015435277602     
          11          28  0.97389624192930457     
          27          28  0.92903738538431269     
          28          29   1.0073491220559239     
           6          30   1.6613082407922382     
          11          30   1.2809852890311508     
          12          31  0.96857337548018341     
          30          31  0.93079971935398143     
          31          32  0.98163374523252145     
          32          33   1.0054472170836846     
          12          34  0.97881091002487142     
          33          34   1.0027636993849049     
          14          35  0.95794636703104574     
          15          36  0.97890270661884904     
          15          37  0.97413103068782925     
          16          38  0.97853665997847616     
          16          39  0.97612511381547717     
          17          40  0.95927291675225312     
          17          41  0.96299826095367091     
           8          42  0.85616226359703151     
          19          43  0.94850485368449711     
          20          44  0.98331072319997492     
          20          45  0.97623401113820396     
          20          46  0.98545623189879505     
           9          47  0.92639909463751668     
          22          48  0.94417312757141958     
          23          49  0.98541523561585165     
          23          50  0.97826455543809221     
          23          51  0.98438737929363607     
          10          52  0.91703775089817530     
          25          53  0.95254549738376681     
          26          54  0.98391459996830055     
          26          55  0.98331980191699342     
          26          56  0.98038237931720651     
          11          57  0.90102373540262914     
          28          58  0.94923506797996682     
          29          59  0.98568490715258750     
          29          60  0.98144572232995819     
          29          61  0.98081061470108488     
          31          62  0.95470454864707366     
          32          63  0.97675018484616416     
          32          64  0.97564777012592463     
          33          65  0.97704273537326480     
          33          66  0.97710925470802290     
          34          67  0.96410251261723945     
          34          68  0.96862274304764173     
