   -0.37606309
    0.35839262
   -0.37688005
    0.36424293
   -0.03929154
    0.07382016
    0.07808961
   -0.16510795
    0.20302775
    0.26405798
   -0.45326432
    0.02624965
    0.06186698
   -0.35462909
    0.15223536
    0.14564034
   -0.05796866
    0.03929892
    0.03769024
   -0.03155355
    0.00113604
    0.04444712
   -0.10074787
    0.15973403
    0.04448418
   -0.05217388
    0.02343481
   -0.03706861
    0.02703578
   -0.04245582
    0.02414533
   -0.03869725
    0.01872845
   -0.02185658
