           1           2   1.2004787184283188     
           1           3  0.18279950253479454     
           2           3   1.7740812514003204     
           1           4  0.76800271415183308     
           2           5  0.92497160126591860     
           5           6  0.95213550900564181     
           5           7  0.97414742557257350     
           5           8  0.99067267811261228     
           8           9  0.91925840045314378     
           8          10   1.3031626503357776     
           8          11  0.19313419595459591     
          10          11   1.6115635420217156     
          10          12  0.95192447185921591     
          12          13  0.94179631490594606     
          12          14   1.0135852896425699     
          14          15  0.96181984937069342     
          14          16  0.96471793141311735     
          12          17  0.96375056883206378     
          17          18  0.97531223315808346     
          17          19  0.96778572145363961     
          17          20   1.0157674527740748     
          20          21   1.5827565460890856     
          21          22  0.96858860640291256     
          21          23   1.2002358639488755     
          23          24  0.94673217411271904     
          23          25   1.1780441990551398     
          25          26   1.3402284288546169     
          26          27  0.96855840360484180     
          26          28   1.4920716314321856     
          28          29  0.97216612423272264     
          28          30   1.3720753778969266     
          30          31  0.97197926259305434     
          26          32  0.11247692850812567     
          30          32   1.5029715879676619     
          32          33  0.96924630142829038     
          20          34   1.2041460795796104     
          25          34   1.2441685184170457     
          32          34   1.3322631942801095     
