           2           7  0.19470782739042103     
           3           8  0.20415856036044347     
           4           9  0.19404724292415537     
           5          10  0.19798454261552481     
           6          11  0.19329107432015311     
           1          12  0.19649946067142895     
           1          13   1.6432635664329902     
          12          13   1.2755130490958724     
           7          14  0.96307484147058187     
          13          14  0.93600167510017840     
          14          15  0.98273687655220987     
          15          16   1.0030313883964250     
           7          17  0.98071949124927749     
          16          17   1.0055578764661883     
           2          18   1.6119380863485597     
           7          18   1.2962066796164755     
           8          19  0.97766636619481984     
          18          19  0.93296822345334152     
          19          20   1.0024163719102313     
           3          21   1.6446423526149447     
           8          21   1.3107833278070613     
           9          22  0.99085345267156522     
          21          22  0.91722796146079755     
          22          23   1.0001122885061331     
           4          24   1.6995702612433294     
           9          24   1.2389379520084893     
          10          25  0.97537779630283072     
          24          25  0.93176609381815434     
          25          26  0.99823736075709535     
           5          27   1.6062792573815527     
          10          27   1.3286249480728627     
          11          28  0.97397799624166548     
          27          28  0.92856644307960012     
          28          29   1.0078669036705914     
           6          30   1.6591878731142842     
          11          30   1.2764817999740612     
          12          31  0.96275816470017772     
          30          31  0.93576032861401526     
          31          32  0.98239402821805655     
          32          33   1.0037935376635778     
          12          34  0.98006882744503709     
          33          34   1.0036712167096005     
          14          35  0.95754914515938372     
          15          36  0.97901408491856867     
          15          37  0.97552784208103893     
          16          38  0.97859760838170784     
          16          39  0.97633788660295751     
          17          40  0.95876215185252378     
          17          41  0.96294606471733557     
           8          42  0.85367599530947058     
          19          43  0.94836935704325287     
          20          44  0.98321865669165365     
          20          45  0.97617855924521757     
          20          46  0.98559256451989985     
           9          47  0.92663828925063407     
          22          48  0.94408646808283136     
          23          49  0.98556528391867393     
          23          50  0.97824676901494767     
          23          51  0.98436891452339226     
          10          52  0.90821210166226751     
          25          53  0.95210906347308077     
          26          54  0.98425354891933381     
          26          55  0.98335691029634664     
          26          56  0.98050148306463503     
          11          57  0.90502229712409787     
          28          58  0.95029627772956426     
          29          59  0.98146538292955243     
          29          60  0.98053476467336131     
          29          61  0.98574999954016129     
          31          62  0.95578614498486170     
          32          63  0.97715293826705918     
          32          64  0.97571417911374070     
          33          65  0.97912067978218720     
          33          66  0.97682343056458565     
          34          67  0.96516006633805618     
          34          68  0.97025523049498896     
