           2           7  0.19488648457943542     
           3           8  0.20417792894438405     
           4           9  0.19351711449095627     
           5          10  0.19818644719607384     
           6          11  0.19191196926876605     
           1          12  0.19465398729770500     
           1          13   1.6500606136434892     
          12          13   1.2662044761238704     
           7          14  0.96495555824817336     
          13          14  0.93652274089309318     
          14          15  0.98243840864621146     
          15          16   1.0034914950234379     
           7          17  0.97609590271442193     
          16          17   1.0046198425087725     
           2          18   1.6082576682102747     
           7          18   1.3002779402184390     
           8          19  0.97534424140140086     
          18          19  0.93197347495084126     
          19          20   1.0021775881766442     
           3          21   1.6378736392297950     
           8          21   1.3155461936945880     
           9          22  0.99209751570450733     
          21          22  0.91883259703555831     
          22          23  0.99797622703553424     
           4          24   1.6981900493536828     
           9          24   1.2387795297533606     
          10          25  0.97500461396082383     
          24          25  0.93308075586630768     
          25          26  0.99793649544655594     
           5          27   1.6107968040608993     
          10          27   1.3260944014093508     
          11          28  0.97175502485724863     
          27          28  0.92650176558710606     
          28          29   1.0089184834795741     
           6          30   1.6473655830719063     
          11          30   1.2867375066410269     
          12          31  0.96439204275181856     
          30          31  0.93785216339504496     
          31          32  0.98073070941602591     
          32          33   1.0039662689424702     
          12          34  0.98066487299310767     
          33          34   1.0033423557124037     
          14          35  0.95553530278535026     
          15          36  0.97839080353176100     
          15          37  0.97489480897085690     
          16          38  0.97967603987470797     
          16          39  0.97680031680535562     
          17          40  0.96614167284152064     
          17          41  0.95771894547863967     
           8          42  0.85626180801425889     
          19          43  0.95299638638259465     
          20          44  0.98537456231207232     
          20          45  0.98397667510206077     
          20          46  0.97602946395149581     
           9          47  0.92731914382041103     
          22          48  0.94324044986945510     
          23          49  0.98561117350014227     
          23          50  0.97861619027246471     
          23          51  0.98465418830243268     
          10          52  0.90023329659006435     
          25          53  0.95144077774910207     
          26          54  0.98437354209914418     
          26          55  0.98338012639680439     
          26          56  0.98107361119365577     
          11          57  0.89834360500989852     
          28          58  0.95302342384159855     
          29          59  0.98571252163093837     
          29          60  0.98175611221098802     
          29          61  0.97975780690006498     
          31          62  0.95522726810540237     
          32          63  0.97708959640298132     
          32          64  0.97603365933560249     
          33          65  0.97910391052760093     
          33          66  0.97679393045888463     
          34          67  0.96641101558307441     
          34          68  0.96993484398594410     
