   -0.38065434
    0.35449871
   -0.37261844
    0.35883956
   -0.04360866
    0.10924232
    0.07519226
   -0.17071029
    0.17019914
    0.28449114
   -0.40602868
   -0.02474263
    0.07905197
    0.06524355
   -0.17278292
    0.20254113
    0.26494763
   -0.45563284
    0.02758231
   -0.35566193
    0.14878353
    0.15493357
    0.05560009
   -0.07122841
    0.03978422
    0.06790587
    0.00951486
   -0.03927904
    0.03620177
   -0.02880954
    0.03410240
   -0.03207904
    0.03181940
   -0.03141208
    0.03027964
   -0.03996658
    0.02446035
