           1           2   1.7685610168460344     
           1           3  0.17564725820594948     
           2           3   1.1809580691275681     
           3           4  0.79566167241142893     
           2           5  0.94156683579258160     
           5           6  0.93936242231484834     
           5           7  0.96027983163810871     
           5           8  0.99798956146743878     
           8           9  0.94281549361353800     
           8          10   1.2355778166373699     
           8          11  0.19732826012734611     
          10          11   1.7142255126278774     
          10          12  0.94183815587219544     
          12          13  0.95953182073056875     
          12          14  0.95963858709752370     
          12          15  0.99054228847597103     
          15          16  0.91339573455346634     
          15          17   1.2955874999760155     
          15          18  0.18955432482476947     
          17          18   1.6212520227005407     
          17          19  0.94335949823829879     
          19          20   1.0184264194383588     
          20          21  0.96182382102466768     
          20          22  0.95886638587770945     
          19          23  0.94317483368524546     
          19          24  0.96122682824859551     
          24          25  0.97285464845147862     
          24          26  0.96355766224154704     
          24          27   1.0132721822576953     
          27          28   1.4060620349566393     
          28          29  0.96899345389405911     
          28          30   1.4513286522601607     
          30          31  0.97094224060412182     
          27          32  0.10912386245029412     
          30          32   1.4336266511443507     
          32          33  0.97143344904180240     
          28          34  0.11220010239280620     
          32          34   1.4431573288458517     
          34          35  0.97126017898219630     
          27          36   1.4155652714253970     
          30          36  0.10979345312974945     
          34          36   1.4395623700018154     
          36          37  0.96924588598956152     
