   -0.38065079
    0.35836165
   -0.38543031
    0.36625079
   -0.03874023
    0.07797739
    0.07652483
   -0.16407806
    0.21253606
    0.26798776
   -0.46253633
    0.03326126
    0.03025182
   -0.34631198
    0.15138825
    0.14026613
   -0.06090561
    0.05073372
    0.04767525
   -0.04303571
   -0.00704654
    0.03822906
   -0.09850518
    0.17371723
    0.04575263
   -0.04900663
    0.03219793
   -0.03743628
    0.02784667
   -0.04455464
    0.02337363
   -0.04409233
    0.03195404
   -0.02395548
