           1           2   1.1994563951016648     
           1           3  0.18089313438716842     
           2           3   1.7671992170235296     
           1           4  0.76431226951557674     
           2           5  0.92819090033622953     
           5           6  0.97406075330807496     
           5           7  0.95361548799866336     
           5           8  0.99146255482670109     
           8           9  0.91088796911157599     
           8          10   1.3097272929481660     
           8          11  0.19114412330209346     
          10          11   1.6001562429964826     
          10          12  0.95417212713330957     
          12          13  0.95532239145011233     
          12          14   1.0163203413910802     
          14          15  0.95901440128563098     
          14          16  0.96535613550938049     
          12          17  0.95091838729193745     
          17          18  0.96445341225317993     
          17          19  0.97500771850638346     
          17          20   1.0166291783946069     
          20          21   1.5745223076074661     
          21          22  0.96879609944445177     
          21          23   1.2088330817086772     
          23          24  0.94134715049187068     
          23          25   1.1823856725409383     
          25          26   1.3363798364043047     
          26          27  0.96805447465636418     
          26          28   1.4968945351080285     
          28          29  0.97206314641864811     
          28          30   1.3686985361670641     
          30          31  0.97193466282428109     
          26          32  0.11341541835056623     
          30          32   1.5058955233130220     
          32          33  0.96715610957894915     
          20          34   1.2035419963162683     
          25          34   1.2453391000207761     
          32          34   1.3261946625312919     
