   -0.37024253
    0.35656672
   -0.37653026
    0.36086703
   -0.03936411
    0.08257666
    0.07906200
   -0.17280402
    0.22819669
    0.26729783
   -0.45314537
   -0.02552980
    0.08242036
    0.08062249
   -0.17284533
    0.18191892
    0.26913152
   -0.44187630
    0.03509148
   -0.34109076
    0.15173719
    0.16298857
    0.03331039
   -0.06866619
    0.05046328
    0.03429006
    0.01310323
   -0.03791473
    0.03252733
   -0.02986223
    0.03300104
   -0.03115007
    0.03260932
   -0.02873653
    0.03265866
   -0.03747523
    0.02679271
