           1           2   1.7830608898172482     
           1           3  0.18024021437437032     
           2           3   1.1847888513809730     
           3           4  0.78763254335584676     
           2           5  0.92698220592213332     
           5           6  0.97272803486883541     
           5           7  0.95448282938198359     
           5           8  0.98978833791482412     
           8           9  0.88582468438931139     
           8          10   1.3226182127453678     
           8          11  0.20398571627845088     
          10          11   1.6147238760684979     
          10          12  0.94219207687277473     
          12          13  0.95934404202446011     
          12          14  0.97143348669038698     
          12          15  0.98645796553765197     
          15          16  0.93890451111960593     
          15          17   1.2637677255362745     
          15          18  0.18698021310650478     
          17          18   1.6474423348461762     
          17          19  0.95286613610119864     
          19          20   1.0343516132623862     
          20          21  0.95475227248044781     
          20          22  0.95465517383255249     
          19          23  0.95964230182909682     
          19          24  0.92971135537492589     
          24          25  0.97311423027216748     
          24          26  0.97102213741336652     
          24          27   1.0139351933208738     
          27          28   1.4106866087774101     
          28          29  0.96856022695742050     
          28          30   1.4400738759862157     
          30          31  0.97105113563941703     
          27          32  0.10844389308838068     
          30          32   1.4426067862046408     
          32          33  0.97137908511532145     
          28          34  0.10971543658005767     
          32          34   1.4338503114222059     
          34          35  0.97106890681947999     
          27          36   1.4059570455245396     
          30          36  0.11174527574105929     
          34          36   1.4506508386246255     
          36          37  0.96959390930104006     
