   -0.37065444
    0.35770963
   -0.37572111
    0.36176618
   -0.03989456
    0.07665796
    0.08316945
   -0.16913569
    0.22795417
    0.26628097
   -0.45266534
   -0.02416724
    0.07908785
    0.08157406
   -0.17459665
    0.18010654
    0.27275047
   -0.43706681
    0.03381238
   -0.33724827
    0.16691377
    0.14770272
    0.03667269
   -0.07127123
    0.03307615
    0.04539390
    0.01167656
   -0.03444674
    0.02888363
   -0.02822544
    0.03297099
   -0.02971087
    0.03290719
   -0.02727644
    0.03080962
   -0.03601942
    0.02022338
