           1           2   1.7813142070515662     
           1           3  0.18126984860527232     
           2           3   1.1905872250262912     
           3           4  0.78022080821441731     
           2           5  0.92573585283517368     
           5           6  0.95231403812059090     
           5           7  0.97310118401151902     
           5           8  0.99010803923321866     
           8           9  0.88676392635996959     
           8          10   1.3308864336397974     
           8          11  0.20570951206741675     
          10          11   1.6094901286148589     
          10          12  0.94194580666414385     
          12          13  0.97134740541646258     
          12          14  0.95651839564011787     
          12          15  0.99009411932224767     
          15          16  0.93990023786040844     
          15          17   1.2597887420429328     
          15          18  0.18736226716094220     
          17          18   1.6558329548253192     
          17          19  0.95162135172772566     
          19          20   1.0396041534076497     
          20          21  0.95054894372932119     
          20          22  0.96047224744497117     
          19          23  0.95434658383939097     
          19          24  0.93188557000708161     
          24          25  0.97378486389945618     
          24          26  0.96868970677897281     
          24          27   1.0165393029138963     
          27          28   1.4131076828265132     
          28          29  0.96870805356145739     
          28          30   1.4419609174516472     
          30          31  0.97112488239029915     
          27          32  0.10915617838222090     
          30          32   1.4416027650449494     
          32          33  0.97139661465740434     
          28          34  0.11004884768022619     
          32          34   1.4349507593354691     
          34          35  0.97117933355212138     
          27          36   1.4072821182091573     
          30          36  0.11145015194220247     
          34          36   1.4494407914379697     
          36          37  0.96930782424051953     
