   -0.37075334
    0.35794678
   -0.37436112
    0.36452455
   -0.03908730
    0.07725057
    0.07807387
   -0.16783022
    0.18251849
    0.26934486
   -0.44919327
    0.03389122
    0.03713878
   -0.34219689
    0.14989205
    0.16129177
   -0.06279998
    0.03566234
    0.04554131
   -0.03050858
   -0.00798857
    0.03163827
   -0.10518058
    0.15956404
    0.04550851
   -0.05188554
    0.02540660
   -0.03499211
    0.03045625
   -0.04068943
    0.02777977
   -0.03631243
    0.02035680
   -0.02000748
