           1           2   1.2006104739703103     
           1           3  0.18321632793450585     
           2           3   1.7756303633167552     
           1           4  0.77531248005705999     
           2           5  0.92352183525355658     
           5           6  0.97407208566111547     
           5           7  0.95376377016445013     
           5           8  0.98752039920429324     
           8           9  0.93851578851620032     
           8          10   1.2833383286321101     
           8          11  0.18801888608010403     
          10          11   1.6178030251508124     
          10          12  0.95785590603753823     
          12          13  0.95943224292433138     
          12          14   1.0309700080394311     
          14          15  0.95540832290254785     
          14          16  0.95555968069594255     
          12          17  0.93060839023745645     
          17          18  0.97007986681079106     
          17          19  0.97373803129096181     
          17          20   1.0204513864333200     
          20          21   1.5749065935019129     
          21          22  0.96948199528618062     
          21          23   1.1947916618285179     
          23          24  0.94686680969581460     
          23          25   1.1762975091731711     
          25          26   1.3377059339973696     
          26          27  0.96850194110611665     
          26          28   1.4948229914991837     
          28          29  0.97195162908671062     
          28          30   1.3709571400672762     
          30          31  0.97175668109163560     
          26          32  0.11374829935934760     
          30          32   1.5053419027196338     
          32          33  0.96916843680770104     
          20          34   1.2003877645372845     
          25          34   1.2497586937508145     
          32          34   1.3314190353337820     
